<textarea id="pixelmap_0">
0 0 1 0 0 0 0 0 1 0 0 0 0 0 0 0 0 0 0 0 0
0 1 3 1 0 0 0 1 3 1 0 0 0 0 0 0 0 0 0 0 0
0 1 5 3 1 1 1 3 5 1 0 0 0 0 0 0 0 0 0 0 0
1 1 3 3 3 3 3 3 3 1 1 0 0 0 0 0 0 1 1 1 0
1 3 3 3 3 3 3 3 3 3 1 0 0 0 0 0 0 1 3 1 0
1 3 3 1 3 3 3 1 3 3 1 1 1 1 1 1 0 1 1 3 1
1 3 3 3 3 3 3 3 3 3 1 3 3 3 3 1 1 0 1 3 1
1 3 3 4 3 5 3 4 3 3 1 3 3 3 3 3 1 0 1 3 1
1 3 3 3 4 3 4 3 3 3 1 3 3 3 3 3 1 1 1 3 1
0 1 3 3 3 3 3 3 3 1 3 3 3 3 3 3 3 3 3 1 1
0 0 1 1 1 1 1 1 1 3 3 3 3 3 3 3 3 1 1 1 0
0 0 1 3 3 3 3 3 3 3 3 3 3 3 3 3 3 1 0 0 0
0 0 1 3 3 3 3 3 1 4 4 4 1 3 3 3 1 1 0 0 0
0 0 0 1 3 3 1 3 3 1 4 1 3 3 3 1 1 0 0 0 0
0 0 0 0 1 3 1 1 3 1 4 1 3 3 1 1 0 0 0 0 0
0 0 0 0 1 5 1 1 5 1 1 5 3 1 1 0 0 0 0 0 0
0 0 0 0 1 1 1 1 1 1 1 1 1 1 0 0 0 0 0 0 0
</textarea><textarea id="pixelmap_1">
0 0 0 1 0 0 0 0 0 1 0 0 0 0 0 0 0 0 0 0
0 0 1 3 1 0 0 0 1 3 1 0 0 0 0 0 0 0 0 0
0 0 1 5 3 1 1 1 3 5 1 0 0 0 0 0 0 0 0 0
0 1 1 3 3 3 3 3 3 3 1 1 1 1 1 1 0 0 0 0
0 1 3 3 3 3 3 3 3 3 3 1 1 3 3 1 1 1 1 0
0 1 3 3 1 3 3 3 1 3 3 1 3 3 3 3 3 3 1 0
0 1 3 3 3 3 3 3 3 3 3 1 3 3 3 3 3 3 1 1
0 1 3 3 4 3 5 3 4 3 3 1 3 3 3 3 3 3 3 1
1 1 3 3 3 4 3 4 3 3 3 1 3 3 1 3 3 3 3 1
1 1 1 3 3 3 3 3 3 3 1 3 3 3 3 1 1 3 3 1
1 3 3 1 1 1 1 1 1 1 1 1 4 4 3 1 3 3 1 1
1 1 3 3 5 1 5 3 3 1 3 1 1 1 1 3 3 1 1 0
0 1 1 1 1 1 1 1 1 1 3 3 3 3 3 3 1 1 0 0
0 0 0 0 0 0 0 0 0 1 1 1 1 1 1 1 1 0 0 0
</textarea><textarea id="pixelmap_2">
0 0 0 1 0 0 0 0 0 1 1 0 0 0 0 0 0
0 0 1 3 1 0 0 0 1 3 1 0 0 0 0 0 0
0 0 1 5 3 1 1 1 3 5 1 0 0 0 0 0 0
0 1 1 3 3 3 3 3 3 3 1 1 0 0 0 0 0
0 1 3 3 3 3 3 3 3 3 3 1 0 0 0 0 0
0 1 3 3 1 3 3 3 1 3 3 1 0 0 0 0 0
0 1 3 3 3 3 3 3 3 3 3 1 0 0 0 0 0
0 1 3 3 4 3 5 3 4 3 3 1 0 0 0 0 0
0 1 3 3 3 4 3 4 3 3 3 1 0 0 0 0 0
0 0 1 3 3 3 3 3 3 3 1 1 0 0 0 0 0
1 1 3 1 1 1 1 1 1 1 3 1 1 1 0 0 0
1 5 3 3 3 3 3 3 3 3 3 3 1 3 1 1 0
1 1 1 3 3 1 1 1 3 3 3 3 1 1 3 1 0
0 0 1 1 3 1 5 3 3 3 3 3 3 1 3 1 1
0 0 0 1 3 3 1 1 3 3 3 3 3 1 1 3 1
0 0 0 1 3 4 4 4 3 3 3 3 3 1 1 3 1
0 0 0 1 1 4 4 4 3 1 1 1 3 1 3 3 1
0 0 0 0 1 4 4 4 3 1 3 3 3 1 3 1 1
0 0 0 0 1 3 4 4 3 3 3 3 3 3 1 1 0
0 0 0 0 1 3 3 1 1 3 3 3 1 1 1 0 0
0 0 0 0 1 1 5 1 1 1 1 5 1 0 0 0 0
0 0 0 0 0 1 1 0 0 0 1 1 1 0 0 0 0
</textarea><textarea id="pixelmap_3">
0 0 0 0 0 0 0 0 0 0 1 1 1 1 1 1 0 0 0 0
0 0 0 0 0 0 0 0 0 0 1 3 3 3 3 1 1 1 0 0
0 0 0 0 0 0 0 0 0 0 1 3 1 1 3 3 3 1 0 0
0 0 0 0 0 0 0 0 0 0 1 1 0 0 1 1 3 1 0 0
0 0 0 0 0 0 0 0 0 0 0 0 0 0 0 1 3 1 1 0
0 0 0 0 0 0 0 0 0 0 0 0 0 0 0 1 3 3 1 0
0 0 1 1 0 0 0 0 1 1 0 0 0 1 1 1 1 1 1 0
0 1 3 1 0 0 0 1 3 1 0 0 1 1 3 3 3 3 1 1
1 3 5 3 1 1 1 3 5 3 1 1 1 3 3 3 3 3 3 1
1 3 3 3 3 3 3 3 3 3 1 1 3 3 3 3 3 3 3 1
1 3 3 3 3 3 3 3 3 3 1 3 3 3 3 3 3 3 3 1
1 3 3 1 3 3 3 1 3 3 1 3 3 3 3 3 3 3 1 1
1 3 3 3 3 3 3 3 3 3 1 3 3 3 3 3 3 3 1 0
1 3 3 4 3 5 3 4 3 3 1 3 3 3 3 4 3 3 1 0
1 3 3 3 4 3 4 3 3 3 1 3 3 4 4 4 3 3 1 0
0 1 3 3 3 3 3 3 3 1 1 3 4 4 4 1 3 3 3 1
0 0 1 1 1 1 1 1 1 3 3 3 1 1 1 1 1 3 3 1
0 1 1 3 3 3 3 3 3 3 1 1 1 3 3 1 1 3 1 1
1 1 3 3 3 1 3 3 1 1 1 1 5 3 1 1 3 3 1 0
1 5 3 1 1 1 5 1 1 0 0 1 1 1 1 5 3 1 1 0
1 1 1 1 0 1 1 1 0 0 0 0 0 0 1 1 1 1 0 0
</textarea><textarea id="pixelmap_4">
0 0 1 0 0 0 0 0 1 0 0 0 0 0 0 0 0 0 0 0 0
0 1 3 1 0 0 0 1 3 1 0 0 0 0 0 0 0 0 0 0 0
0 1 5 3 1 1 1 3 5 1 0 0 0 0 0 0 0 0 0 0 0
1 1 3 3 2 3 2 3 3 1 1 0 0 0 0 0 0 1 1 1 0
1 3 3 3 3 3 3 3 3 3 1 0 0 0 0 0 0 1 3 1 0
1 2 3 1 3 3 3 1 3 2 1 1 1 1 1 1 0 1 1 3 1
1 3 3 3 3 3 3 3 3 3 1 3 3 2 3 1 1 0 1 2 1
1 2 3 4 3 5 3 4 3 2 1 3 2 3 3 2 1 0 1 3 1
1 3 3 3 4 3 4 3 3 3 1 3 3 3 2 3 1 1 1 2 1
0 1 3 3 3 3 3 3 3 1 3 3 3 3 3 3 3 2 3 1 1
0 0 1 1 1 1 1 1 1 3 3 3 3 3 3 3 2 1 1 1 0
0 0 1 3 3 3 3 3 3 3 3 3 3 3 3 3 3 1 0 0 0
0 0 1 2 3 3 3 3 1 4 4 4 1 3 3 3 1 1 0 0 0
0 0 0 1 3 3 1 3 2 1 4 1 3 3 3 1 1 0 0 0 0
0 0 0 0 1 3 1 1 3 1 4 1 3 3 1 1 0 0 0 0 0
0 0 0 0 1 5 1 1 5 1 1 5 3 1 1 0 0 0 0 0 0
0 0 0 0 1 1 1 1 1 1 1 1 1 1 0 0 0 0 0 0 0
</textarea><textarea id="pixelmap_5">
0 0 0 1 0 0 0 0 0 1 0 0 0 0 0 0 0 0 0 0
0 0 1 3 1 0 0 0 1 3 1 0 0 0 0 0 0 0 0 0
0 0 1 5 3 1 1 1 3 5 1 0 0 0 0 0 0 0 0 0
0 1 1 3 3 2 3 2 3 3 1 1 1 1 1 1 0 0 0 0
0 1 3 3 3 3 3 3 3 3 3 1 1 3 3 1 1 1 1 0
0 1 2 3 1 3 3 3 1 3 2 1 3 3 2 3 3 2 1 0
0 1 3 3 3 3 3 3 3 3 3 1 3 2 3 3 2 3 1 1
0 1 2 3 4 3 5 3 4 3 2 1 3 3 3 3 3 3 3 1
1 1 3 3 3 4 3 4 3 3 3 1 3 3 1 3 3 3 2 1
1 1 1 3 3 3 3 3 3 3 1 3 3 3 3 1 1 3 3 1
1 3 2 1 1 1 1 1 1 1 1 1 4 4 3 1 3 3 1 1
1 1 3 3 5 1 5 3 2 1 3 1 1 1 1 3 2 1 1 0
0 1 1 1 1 1 1 1 1 1 3 2 3 2 3 2 1 1 0 0
0 0 0 0 0 0 0 0 0 1 1 1 1 1 1 1 1 0 0 0
</textarea><textarea id="pixelmap_6">
0 0 0 1 0 0 0 0 0 1 1 0 0 0 0 0 0
0 0 1 3 1 0 0 0 1 3 1 0 0 0 0 0 0
0 0 1 5 3 1 1 1 3 5 1 0 0 0 0 0 0
0 1 1 3 3 2 3 2 3 3 1 1 0 0 0 0 0
0 1 3 3 3 3 3 3 3 3 3 1 0 0 0 0 0
0 1 2 3 1 3 3 3 1 3 2 1 0 0 0 0 0
0 1 3 3 3 3 3 3 3 3 3 1 0 0 0 0 0
0 1 2 3 4 3 5 3 4 3 2 1 0 0 0 0 0
0 1 3 3 3 4 3 4 3 3 3 1 0 0 0 0 0
0 0 1 3 3 3 3 3 3 3 1 1 0 0 0 0 0
1 1 3 1 1 1 1 1 1 1 3 1 1 1 0 0 0
1 5 3 2 3 3 3 3 3 3 3 2 1 3 1 1 0
1 1 1 3 2 1 1 1 3 3 2 3 1 1 2 1 0
0 0 1 1 3 1 5 3 3 3 3 3 2 1 3 1 1
0 0 0 1 3 3 1 1 3 3 3 2 3 1 1 2 1
0 0 0 1 3 4 4 4 3 3 3 3 3 1 1 3 1
0 0 0 1 1 4 4 4 3 1 1 1 3 1 3 2 1
0 0 0 0 1 4 4 4 3 1 3 3 3 1 2 1 1
0 0 0 0 1 2 4 4 3 3 3 3 3 3 1 1 0
0 0 0 0 1 3 3 1 1 3 3 3 1 1 1 0 0
0 0 0 0 1 1 5 1 1 1 1 5 1 0 0 0 0
0 0 0 0 0 1 1 0 0 0 1 1 1 0 0 0 0
</textarea><textarea id="pixelmap_7">
0 0 0 0 0 0 0 0 0 0 1 1 1 1 1 1 0 0 0 0
0 0 0 0 0 0 0 0 0 0 1 3 2 3 2 1 1 1 0 0
0 0 0 0 0 0 0 0 0 0 1 3 1 1 2 3 2 1 0 0
0 0 0 0 0 0 0 0 0 0 1 1 0 0 1 1 3 1 0 0
0 0 0 0 0 0 0 0 0 0 0 0 0 0 0 1 2 1 1 0
0 0 0 0 0 0 0 0 0 0 0 0 0 0 0 1 3 3 1 0
0 0 1 1 0 0 0 0 1 1 0 0 0 1 1 1 1 1 1 0
0 1 3 1 0 0 0 1 3 1 0 0 1 1 3 3 3 3 1 1
1 3 5 3 1 1 1 3 5 3 1 1 1 3 2 3 3 3 3 1
1 3 3 3 2 3 2 3 3 3 1 1 2 3 3 2 3 3 3 1
1 3 3 3 3 3 3 3 3 3 1 3 3 2 3 3 3 3 3 1
1 2 3 1 3 3 3 1 3 2 1 3 3 3 3 3 3 3 1 1
1 3 3 3 3 3 3 3 3 3 1 3 3 3 3 3 3 3 1 0
1 2 3 4 3 5 3 4 3 2 1 3 3 3 3 4 3 3 1 0
1 3 3 3 4 3 4 3 3 3 1 3 3 4 4 4 3 3 1 0
0 1 3 3 3 3 3 3 3 1 1 3 4 4 4 1 3 3 2 1
0 0 1 1 1 1 1 1 1 3 3 3 1 1 1 1 1 3 3 1
0 1 1 3 3 3 3 3 3 3 1 1 1 3 3 1 1 3 1 1
1 1 3 2 3 1 3 2 1 1 1 1 5 3 1 1 3 3 1 0
1 5 3 1 1 1 5 1 1 0 0 1 1 1 1 5 3 1 1 0
1 1 1 1 0 1 1 1 0 0 0 0 0 0 1 1 1 1 0 0
</textarea><textarea id="pixelmap_8">
0 0 1 0 0 0 0 0 1 0 0 0 0 0 0 0 0 0 0 0 0
0 1 3 1 0 0 0 1 2 1 0 0 0 0 0 0 0 0 0 0 0
0 1 5 3 1 1 1 2 5 1 0 0 0 0 0 0 0 0 0 0 0
1 1 3 3 3 3 3 3 3 1 1 0 0 0 0 0 0 1 1 1 0
1 3 2 2 3 3 3 3 3 3 1 0 0 0 0 0 0 1 2 1 0
1 3 2 1 3 3 3 1 3 3 1 1 1 1 1 1 0 1 1 2 1
1 3 3 3 3 3 3 3 3 2 1 3 2 2 2 1 1 0 1 2 1
1 3 3 4 3 5 3 4 3 2 1 3 3 2 2 2 1 0 1 3 1
1 2 3 3 4 3 4 3 3 3 1 3 3 3 2 3 1 1 1 3 1
0 1 3 3 3 3 3 3 3 1 2 3 3 3 3 3 3 3 3 1 1
0 0 1 1 1 1 1 1 1 3 2 2 3 3 3 3 3 1 1 1 0
0 0 1 3 2 2 2 3 3 2 2 2 3 2 2 3 3 1 0 0 0
0 0 1 3 3 2 3 3 1 4 4 4 1 2 2 2 1 1 0 0 0
0 0 0 1 3 3 1 3 3 1 4 1 3 3 2 1 1 0 0 0 0
0 0 0 0 1 3 1 1 3 1 4 1 3 3 1 1 0 0 0 0 0
0 0 0 0 1 5 1 1 5 1 1 5 3 1 1 0 0 0 0 0 0
0 0 0 0 1 1 1 1 1 1 1 1 1 1 0 0 0 0 0 0 0
</textarea><textarea id="pixelmap_9">
0 0 0 1 0 0 0 0 0 1 0 0 0 0 0 0 0 0 0 0
0 0 1 3 1 0 0 0 1 2 1 0 0 0 0 0 0 0 0 0
0 0 1 5 3 1 1 1 2 5 1 0 0 0 0 0 0 0 0 0
0 1 1 3 3 3 3 3 3 3 1 1 1 1 1 1 0 0 0 0
0 1 3 2 2 3 3 3 3 3 3 1 1 3 3 1 1 1 1 0
0 1 3 2 1 3 3 3 1 3 3 1 3 3 3 2 2 2 1 0
0 1 3 3 3 3 3 3 3 3 2 1 3 3 3 3 2 2 1 1
0 1 3 3 4 3 5 3 4 3 2 1 3 3 3 3 3 3 3 1
1 1 2 3 3 4 3 4 3 3 3 1 3 2 1 3 3 3 3 1
1 1 1 3 3 3 3 3 3 3 1 3 3 2 2 1 1 3 3 1
1 2 2 1 1 1 1 1 1 1 1 1 4 4 3 1 3 3 1 1
1 1 2 2 5 1 5 3 3 1 2 1 1 1 1 3 3 1 1 0
0 1 1 1 1 1 1 1 1 1 2 2 2 2 3 3 1 1 0 0
0 0 0 0 0 0 0 0 0 1 1 1 1 1 1 1 1 0 0 0
</textarea><textarea id="pixelmap_10">
0 0 0 1 0 0 0 0 0 1 1 0 0 0 0 0 0
0 0 1 3 1 0 0 0 1 2 1 0 0 0 0 0 0
0 0 1 5 3 1 1 1 2 5 1 0 0 0 0 0 0
0 1 1 3 3 3 3 3 3 3 1 1 0 0 0 0 0
0 1 3 2 2 3 3 3 3 3 3 1 0 0 0 0 0
0 1 3 2 1 3 3 3 1 3 3 1 0 0 0 0 0
0 1 3 3 3 3 3 3 3 3 2 1 0 0 0 0 0
0 1 3 3 4 3 5 3 4 3 2 1 0 0 0 0 0
0 1 2 3 3 4 3 4 3 3 3 1 0 0 0 0 0
0 0 1 3 3 3 3 3 3 3 1 1 0 0 0 0 0
1 1 3 1 1 1 1 1 1 1 3 1 1 1 0 0 0
1 5 3 2 2 2 2 3 3 3 3 3 1 2 1 1 0
1 1 1 3 2 1 1 1 3 3 3 3 1 1 2 1 0
0 0 1 1 3 1 5 3 3 3 2 3 2 1 2 1 1
0 0 0 1 3 3 1 1 3 3 3 2 2 1 1 3 1
0 0 0 1 3 4 4 4 3 3 3 2 2 1 1 3 1
0 0 0 1 1 4 4 4 3 1 1 1 2 1 3 3 1
0 0 0 0 1 4 4 4 3 1 3 3 2 1 3 1 1
0 0 0 0 1 2 4 4 3 3 3 3 3 3 1 1 0
0 0 0 0 1 2 2 1 1 3 3 3 1 1 1 0 0
0 0 0 0 1 1 5 1 1 1 1 5 1 0 0 0 0
0 0 0 0 0 1 1 0 0 0 1 1 1 0 0 0 0
</textarea><textarea id="pixelmap_11">
0 0 0 0 0 0 0 0 0 0 1 1 1 1 1 1 0 0 0 0
0 0 0 0 0 0 0 0 0 0 1 2 2 2 2 1 1 1 0 0
0 0 0 0 0 0 0 0 0 0 1 2 1 1 2 3 3 1 0 0
0 0 0 0 0 0 0 0 0 0 1 1 0 0 1 1 3 1 0 0
0 0 0 0 0 0 0 0 0 0 0 0 0 0 0 1 3 1 1 0
0 0 0 0 0 0 0 0 0 0 0 0 0 0 0 1 3 3 1 0
0 0 1 1 0 0 0 0 1 1 0 0 0 1 1 1 1 1 1 0
0 1 3 1 0 0 0 1 2 1 0 0 1 1 2 2 2 3 1 1
1 3 5 3 1 1 1 2 5 2 1 1 1 2 2 2 3 3 3 1
1 3 3 3 3 3 3 3 3 3 1 1 2 2 2 2 3 3 3 1
1 3 2 2 3 3 3 3 3 3 1 3 3 2 2 3 3 3 3 1
1 3 2 1 3 3 3 1 3 3 1 3 3 3 3 3 3 2 1 1
1 3 3 3 3 3 3 3 3 2 1 3 3 3 3 3 2 2 1 0
1 3 3 4 3 5 3 4 3 2 1 3 3 3 3 4 2 2 1 0
1 2 3 3 4 3 4 3 3 3 1 3 3 4 4 4 3 2 1 0
0 1 3 3 3 3 3 3 3 1 1 3 4 4 4 1 3 2 2 1
0 0 1 1 1 1 1 1 1 3 3 3 1 1 1 1 1 3 3 1
0 1 1 2 2 2 2 3 3 3 1 1 1 3 3 1 1 3 1 1
1 1 3 3 2 1 3 3 1 1 1 1 5 3 1 1 3 3 1 0
1 5 3 1 1 1 5 1 1 0 0 1 1 1 1 5 3 1 1 0
1 1 1 1 0 1 1 1 0 0 0 0 0 0 1 1 1 1 0 0
</textarea><textarea id="pixelmap_12">
0 0 1 0 0 0 0 0 1 0 0 0 0 0 0 0 0 0 0 0 0
0 1 2 1 0 0 0 1 3 1 0 0 0 0 0 0 0 0 0 0 0
0 1 5 2 1 1 1 3 5 1 0 0 0 0 0 0 0 0 0 0 0
1 1 2 2 2 3 3 3 3 1 1 0 0 0 0 0 0 1 1 1 0
1 2 2 2 2 2 3 3 3 3 1 0 0 0 0 0 0 1 3 1 0
1 2 2 1 2 2 3 1 3 3 1 1 1 1 1 1 0 1 1 3 1
1 2 2 2 2 2 2 3 3 3 1 3 3 3 2 1 1 0 1 3 1
1 2 2 4 2 5 2 4 3 3 1 3 3 3 2 2 1 0 1 3 1
1 2 2 2 4 2 4 3 3 3 1 3 3 3 2 2 1 1 1 3 1
0 1 2 2 2 2 2 3 3 1 3 3 3 2 2 2 2 2 2 1 1
0 0 1 1 1 1 1 1 1 2 2 3 3 3 2 2 3 1 1 1 0
0 0 1 3 3 3 3 2 2 2 2 2 3 3 3 3 3 1 0 0 0
0 0 1 3 3 3 2 2 1 4 4 4 1 3 3 3 1 1 0 0 0
0 0 0 1 3 3 1 2 2 1 4 1 3 3 3 1 1 0 0 0 0
0 0 0 0 1 3 1 1 2 1 4 1 3 3 1 1 0 0 0 0 0
0 0 0 0 1 5 1 1 5 1 1 2 3 1 1 0 0 0 0 0 0
0 0 0 0 1 1 1 1 1 1 1 1 1 1 0 0 0 0 0 0 0
</textarea><textarea id="pixelmap_13">
0 0 0 1 0 0 0 0 0 1 0 0 0 0 0 0 0 0 0 0
0 0 1 2 1 0 0 0 1 3 1 0 0 0 0 0 0 0 0 0
0 0 1 5 2 1 1 1 3 5 1 0 0 0 0 0 0 0 0 0
0 1 1 2 2 2 3 3 3 3 1 1 1 1 1 1 0 0 0 0
0 1 2 2 2 2 2 3 3 3 3 1 1 3 3 1 1 1 1 0
0 1 2 2 1 2 2 3 1 3 3 1 3 3 3 3 3 3 1 0
0 1 2 2 2 2 2 2 3 3 3 1 3 3 3 3 2 2 1 1
0 1 2 2 4 2 5 2 4 3 3 1 3 3 3 3 2 2 2 1
1 1 2 2 2 4 2 4 3 3 3 1 3 3 1 2 2 2 2 1
1 1 1 2 2 2 2 2 3 3 1 3 3 3 3 1 1 2 2 1
1 3 3 1 1 1 1 1 1 1 1 1 4 4 3 1 2 2 1 1
1 1 3 3 5 1 2 2 2 1 3 1 1 1 1 3 2 1 1 0
0 1 1 1 1 1 1 1 1 1 3 3 3 3 3 3 1 1 0 0
0 0 0 0 0 0 0 0 0 1 1 1 1 1 1 1 1 0 0 0
</textarea><textarea id="pixelmap_14">
0 0 0 1 0 0 0 0 0 1 1 0 0 0 0 0 0
0 0 1 2 1 0 0 0 1 3 1 0 0 0 0 0 0
0 0 1 5 2 1 1 1 3 5 1 0 0 0 0 0 0
0 1 1 2 2 2 3 3 3 3 1 1 0 0 0 0 0
0 1 2 2 2 2 2 3 3 3 3 1 0 0 0 0 0
0 1 2 2 1 2 2 3 1 3 3 1 0 0 0 0 0
0 1 2 2 2 2 2 2 3 3 3 1 0 0 0 0 0
0 1 2 2 4 2 5 2 4 3 3 1 0 0 0 0 0
0 1 2 2 2 4 2 4 3 3 3 1 0 0 0 0 0
0 0 1 2 2 2 2 2 3 3 1 1 0 0 0 0 0
1 1 3 1 1 1 1 1 1 1 3 1 1 1 0 0 0
1 5 3 3 3 3 3 3 3 3 3 3 1 3 1 1 0
1 1 1 3 3 1 1 1 2 3 3 3 1 1 3 1 0
0 0 1 1 3 1 5 2 2 2 3 3 3 1 3 1 1
0 0 0 1 3 3 1 1 2 2 3 3 3 1 1 3 1
0 0 0 1 3 4 4 4 3 3 3 3 3 1 1 3 1
0 0 0 1 1 4 4 4 3 1 1 1 2 1 2 2 1
0 0 0 0 1 4 4 4 3 1 3 2 2 1 2 1 1
0 0 0 0 1 2 4 4 3 3 3 2 2 2 1 1 0
0 0 0 0 1 2 2 1 1 3 3 2 1 1 1 0 0
0 0 0 0 1 1 5 1 1 1 1 2 1 0 0 0 0
0 0 0 0 0 1 1 0 0 0 1 1 1 0 0 0 0
</textarea><textarea id="pixelmap_15">
0 0 0 0 0 0 0 0 0 0 1 1 1 1 1 1 0 0 0 0
0 0 0 0 0 0 0 0 0 0 1 3 3 3 3 1 1 1 0 0
0 0 0 0 0 0 0 0 0 0 1 3 1 1 3 3 3 1 0 0
0 0 0 0 0 0 0 0 0 0 1 1 0 0 1 1 2 1 0 0
0 0 0 0 0 0 0 0 0 0 0 0 0 0 0 1 2 1 1 0
0 0 0 0 0 0 0 0 0 0 0 0 0 0 0 1 2 2 1 0
0 0 1 1 0 0 0 0 1 1 0 0 0 1 1 1 1 1 1 0
0 1 2 1 0 0 0 1 3 1 0 0 1 1 2 2 2 2 1 1
1 2 5 2 1 1 1 3 5 3 1 1 1 3 3 2 2 2 3 1
1 2 2 2 2 3 3 3 3 3 1 1 3 3 3 3 3 3 3 1
1 2 2 2 2 2 3 3 3 3 1 3 3 3 3 3 3 3 3 1
1 2 2 1 2 2 3 1 3 3 1 3 3 3 3 3 3 3 1 1
1 2 2 2 2 2 2 3 3 3 1 3 3 3 3 3 3 3 1 0
1 2 2 4 2 5 2 4 3 3 1 2 2 2 3 4 3 3 1 0
1 2 2 2 4 2 4 3 3 3 1 2 2 4 4 4 3 3 1 0
0 1 2 2 2 2 2 3 3 1 1 2 4 4 4 1 3 3 3 1
0 0 1 1 1 1 1 1 1 2 2 2 1 1 1 1 1 2 3 1
0 1 1 3 3 3 2 2 2 2 1 1 1 3 3 1 1 2 1 1
1 1 3 3 3 1 2 2 1 1 1 1 5 3 1 1 2 2 1 0
1 5 3 1 1 1 5 1 1 0 0 1 1 1 1 2 2 1 1 0
1 1 1 1 0 1 1 1 0 0 0 0 0 0 1 1 1 1 0 0
</textarea><textarea id="pixelmap_16">
0 0 1 0 0 0 0 0 1 0 0 0 0 0 0 0 0 0 0 0 0
0 1 3 1 0 0 0 1 3 1 0 0 0 0 0 0 0 0 0 0 0
0 1 5 3 1 1 1 3 5 1 0 0 0 0 0 0 0 0 0 0 0
1 1 3 3 3 3 3 3 3 1 1 0 0 0 0 0 0 1 1 1 0
1 3 3 4 3 3 3 4 3 3 1 0 0 0 0 0 0 1 3 1 0
1 3 3 1 3 3 3 1 3 3 1 1 1 1 1 1 0 1 1 3 1
1 3 3 3 3 3 3 3 3 3 1 3 3 3 3 1 1 0 1 3 1
1 3 3 3 3 5 3 3 3 3 1 3 3 3 3 3 1 0 1 3 1
1 3 3 3 4 3 4 3 3 3 1 3 3 3 3 3 1 1 1 3 1
0 1 3 3 3 3 3 3 3 1 3 3 3 3 3 3 3 3 3 1 1
0 0 1 1 1 1 1 1 1 3 3 3 3 3 3 3 3 1 1 1 0
0 0 1 3 3 3 3 3 3 3 3 3 3 3 3 3 3 1 0 0 0
0 0 1 3 3 3 3 3 1 4 4 4 1 3 3 3 1 1 0 0 0
0 0 0 1 3 3 1 3 3 1 4 1 3 3 3 1 1 0 0 0 0
0 0 0 0 1 3 1 1 3 1 4 1 3 3 1 1 0 0 0 0 0
0 0 0 0 1 5 1 1 5 1 1 5 3 1 1 0 0 0 0 0 0
0 0 0 0 1 1 1 1 1 1 1 1 1 1 0 0 0 0 0 0 0
</textarea><textarea id="pixelmap_17">
0 0 0 1 0 0 0 0 0 1 0 0 0 0 0 0 0 0 0 0
0 0 1 3 1 0 0 0 1 3 1 0 0 0 0 0 0 0 0 0
0 0 1 5 3 1 1 1 3 5 1 0 0 0 0 0 0 0 0 0
0 1 1 3 3 3 3 3 3 3 1 1 1 1 1 1 0 0 0 0
0 1 3 3 4 3 3 3 4 3 3 1 1 3 3 1 1 1 1 0
0 1 3 3 1 3 3 3 1 3 3 1 3 3 3 3 3 3 1 0
0 1 3 3 3 3 3 3 3 3 3 1 3 3 3 3 3 3 1 1
0 1 3 3 3 3 5 3 3 3 3 1 3 3 3 3 3 3 3 1
1 1 3 3 3 4 3 4 3 3 3 1 3 3 1 3 3 3 3 1
1 1 1 3 3 3 3 3 3 3 1 3 3 3 3 1 1 3 3 1
1 3 3 1 1 1 1 1 1 1 1 1 4 4 3 1 3 3 1 1
1 1 3 3 5 1 5 3 3 1 3 1 1 1 1 3 3 1 1 0
0 1 1 1 1 1 1 1 1 1 3 3 3 3 3 3 1 1 0 0
0 0 0 0 0 0 0 0 0 1 1 1 1 1 1 1 1 0 0 0
</textarea><textarea id="pixelmap_18">
0 0 0 1 0 0 0 0 0 1 1 0 0 0 0 0 0
0 0 1 3 1 0 0 0 1 3 1 0 0 0 0 0 0
0 0 1 5 3 1 1 1 3 5 1 0 0 0 0 0 0
0 1 1 3 3 3 3 3 3 3 1 1 0 0 0 0 0
0 1 3 3 4 3 3 3 4 3 3 1 0 0 0 0 0
0 1 3 3 1 3 3 3 1 3 3 1 0 0 0 0 0
0 1 3 3 3 3 3 3 3 3 3 1 0 0 0 0 0
0 1 3 3 3 3 5 3 3 3 3 1 0 0 0 0 0
0 1 3 3 3 4 3 4 3 3 3 1 0 0 0 0 0
0 0 1 3 3 3 3 3 3 3 1 1 0 0 0 0 0
1 1 3 1 1 1 1 1 1 1 3 1 1 1 0 0 0
1 5 3 3 3 3 3 3 3 3 3 3 1 3 1 1 0
1 1 1 3 3 1 1 1 3 3 3 3 1 1 3 1 0
0 0 1 1 3 1 5 3 3 3 3 3 3 1 3 1 1
0 0 0 1 3 3 1 1 3 3 3 3 3 1 1 3 1
0 0 0 1 3 4 4 4 3 3 3 3 3 1 1 3 1
0 0 0 1 1 4 4 4 3 1 1 1 3 1 3 3 1
0 0 0 0 1 4 4 4 3 1 3 3 3 1 3 1 1
0 0 0 0 1 3 4 4 3 3 3 3 3 3 1 1 0
0 0 0 0 1 3 3 1 1 3 3 3 1 1 1 0 0
0 0 0 0 1 1 5 1 1 1 1 5 1 0 0 0 0
0 0 0 0 0 1 1 0 0 0 1 1 1 0 0 0 0
</textarea><textarea id="pixelmap_19">
0 0 0 0 0 0 0 0 0 0 1 1 1 1 1 1 0 0 0 0
0 0 0 0 0 0 0 0 0 0 1 3 3 3 3 1 1 1 0 0
0 0 0 0 0 0 0 0 0 0 1 3 1 1 3 3 3 1 0 0
0 0 0 0 0 0 0 0 0 0 1 1 0 0 1 1 3 1 0 0
0 0 0 0 0 0 0 0 0 0 0 0 0 0 0 1 3 1 1 0
0 0 0 0 0 0 0 0 0 0 0 0 0 0 0 1 3 3 1 0
0 0 1 1 0 0 0 0 1 1 0 0 0 1 1 1 1 1 1 0
0 1 3 1 0 0 0 1 3 1 0 0 1 1 3 3 3 3 1 1
1 3 5 3 1 1 1 3 5 3 1 1 1 3 3 3 3 3 3 1
1 3 3 3 3 3 3 3 3 3 1 1 3 3 3 3 3 3 3 1
1 3 3 4 3 3 3 4 3 3 1 3 3 3 3 3 3 3 3 1
1 3 3 1 3 3 3 1 3 3 1 3 3 3 3 3 3 3 1 1
1 3 3 3 3 3 3 3 3 3 1 3 3 3 3 3 3 3 1 0
1 3 3 3 3 5 3 3 3 3 1 3 3 3 3 4 3 3 1 0
1 3 3 3 4 3 4 3 3 3 1 3 3 4 4 4 3 3 1 0
0 1 3 3 3 3 3 3 3 1 1 3 4 4 4 1 3 3 3 1
0 0 1 1 1 1 1 1 1 3 3 3 1 1 1 1 1 3 3 1
0 1 1 3 3 3 3 3 3 3 1 1 1 3 3 1 1 3 1 1
1 1 3 3 3 1 3 3 1 1 1 1 5 3 1 1 3 3 1 0
1 5 3 1 1 1 5 1 1 0 0 1 1 1 1 5 3 1 1 0
1 1 1 1 0 1 1 1 0 0 0 0 0 0 1 1 1 1 0 0
</textarea><textarea id="pixelmap_20">
0 0 1 0 0 0 0 0 1 0 0 0 0 0 0 0 0 0 0 0 0
0 1 3 1 0 0 0 1 3 1 0 0 0 0 0 0 0 0 0 0 0
0 1 5 3 1 1 1 3 5 1 0 0 0 0 0 0 0 0 0 0 0
1 1 3 3 2 3 2 3 3 1 1 0 0 0 0 0 0 1 1 1 0
1 3 3 4 3 3 3 4 3 3 1 0 0 0 0 0 0 1 3 1 0
1 2 3 1 3 3 3 1 3 2 1 1 1 1 1 1 0 1 1 3 1
1 3 3 3 3 3 3 3 3 3 1 3 3 2 3 1 1 0 1 2 1
1 2 3 3 3 5 3 3 3 2 1 3 2 3 3 2 1 0 1 3 1
1 3 3 3 4 3 4 3 3 3 1 3 3 3 2 3 1 1 1 2 1
0 1 3 3 3 3 3 3 3 1 3 3 3 3 3 3 3 2 3 1 1
0 0 1 1 1 1 1 1 1 3 3 3 3 3 3 3 2 1 1 1 0
0 0 1 3 3 3 3 3 3 3 3 3 3 3 3 3 3 1 0 0 0
0 0 1 2 3 3 3 3 1 4 4 4 1 3 3 3 1 1 0 0 0
0 0 0 1 3 3 1 3 2 1 4 1 3 3 3 1 1 0 0 0 0
0 0 0 0 1 3 1 1 3 1 4 1 3 3 1 1 0 0 0 0 0
0 0 0 0 1 5 1 1 5 1 1 5 3 1 1 0 0 0 0 0 0
0 0 0 0 1 1 1 1 1 1 1 1 1 1 0 0 0 0 0 0 0
</textarea><textarea id="pixelmap_21">
0 0 0 1 0 0 0 0 0 1 0 0 0 0 0 0 0 0 0 0
0 0 1 3 1 0 0 0 1 3 1 0 0 0 0 0 0 0 0 0
0 0 1 5 3 1 1 1 3 5 1 0 0 0 0 0 0 0 0 0
0 1 1 3 3 2 3 2 3 3 1 1 1 1 1 1 0 0 0 0
0 1 3 3 4 3 3 3 4 3 3 1 1 3 3 1 1 1 1 0
0 1 2 3 1 3 3 3 1 3 2 1 3 3 2 3 3 2 1 0
0 1 3 3 3 3 3 3 3 3 3 1 3 2 3 3 2 3 1 1
0 1 2 3 3 3 5 3 3 3 2 1 3 3 3 3 3 3 3 1
1 1 3 3 3 4 3 4 3 3 3 1 3 3 1 3 3 3 2 1
1 1 1 3 3 3 3 3 3 3 1 3 3 3 3 1 1 3 3 1
1 3 2 1 1 1 1 1 1 1 1 1 4 4 3 1 3 3 1 1
1 1 3 3 5 1 5 3 2 1 3 1 1 1 1 3 2 1 1 0
0 1 1 1 1 1 1 1 1 1 3 2 3 2 3 2 1 1 0 0
0 0 0 0 0 0 0 0 0 1 1 1 1 1 1 1 1 0 0 0
</textarea><textarea id="pixelmap_22">
0 0 0 1 0 0 0 0 0 1 1 0 0 0 0 0 0
0 0 1 3 1 0 0 0 1 3 1 0 0 0 0 0 0
0 0 1 5 3 1 1 1 3 5 1 0 0 0 0 0 0
0 1 1 3 3 2 3 2 3 3 1 1 0 0 0 0 0
0 1 3 3 4 3 3 3 4 3 3 1 0 0 0 0 0
0 1 2 3 1 3 3 3 1 3 2 1 0 0 0 0 0
0 1 3 3 3 3 3 3 3 3 3 1 0 0 0 0 0
0 1 2 3 3 3 5 3 3 3 2 1 0 0 0 0 0
0 1 3 3 3 4 3 4 3 3 3 1 0 0 0 0 0
0 0 1 3 3 3 3 3 3 3 1 1 0 0 0 0 0
1 1 3 1 1 1 1 1 1 1 3 1 1 1 0 0 0
1 5 3 2 3 3 3 3 3 3 3 2 1 3 1 1 0
1 1 1 3 2 1 1 1 3 3 2 3 1 1 2 1 0
0 0 1 1 3 1 5 3 3 3 3 3 2 1 3 1 1
0 0 0 1 3 3 1 1 3 3 3 2 3 1 1 2 1
0 0 0 1 3 4 4 4 3 3 3 3 3 1 1 3 1
0 0 0 1 1 4 4 4 3 1 1 1 3 1 3 2 1
0 0 0 0 1 4 4 4 3 1 3 3 3 1 2 1 1
0 0 0 0 1 2 4 4 3 3 3 3 3 3 1 1 0
0 0 0 0 1 3 3 1 1 3 3 3 1 1 1 0 0
0 0 0 0 1 1 5 1 1 1 1 5 1 0 0 0 0
0 0 0 0 0 1 1 0 0 0 1 1 1 0 0 0 0
</textarea><textarea id="pixelmap_23">
0 0 0 0 0 0 0 0 0 0 1 1 1 1 1 1 0 0 0 0
0 0 0 0 0 0 0 0 0 0 1 3 2 3 2 1 1 1 0 0
0 0 0 0 0 0 0 0 0 0 1 3 1 1 2 3 2 1 0 0
0 0 0 0 0 0 0 0 0 0 1 1 0 0 1 1 3 1 0 0
0 0 0 0 0 0 0 0 0 0 0 0 0 0 0 1 2 1 1 0
0 0 0 0 0 0 0 0 0 0 0 0 0 0 0 1 3 3 1 0
0 0 1 1 0 0 0 0 1 1 0 0 0 1 1 1 1 1 1 0
0 1 3 1 0 0 0 1 3 1 0 0 1 1 3 3 3 3 1 1
1 3 5 3 1 1 1 3 5 3 1 1 1 3 2 3 3 3 3 1
1 3 3 3 2 3 2 3 3 3 1 1 2 3 3 2 3 3 3 1
1 3 3 4 3 3 3 4 3 3 1 3 3 2 3 3 3 3 3 1
1 2 3 1 3 3 3 1 3 2 1 3 3 3 3 3 3 3 1 1
1 3 3 3 3 3 3 3 3 3 1 3 3 3 3 3 3 3 1 0
1 2 3 3 3 5 3 3 3 2 1 3 3 3 3 4 3 3 1 0
1 3 3 3 4 3 4 3 3 3 1 3 3 4 4 4 3 3 1 0
0 1 3 3 3 3 3 3 3 1 1 3 4 4 4 1 3 3 2 1
0 0 1 1 1 1 1 1 1 3 3 3 1 1 1 1 1 3 3 1
0 1 1 3 3 3 3 3 3 3 1 1 1 3 3 1 1 3 1 1
1 1 3 2 3 1 3 2 1 1 1 1 5 3 1 1 3 3 1 0
1 5 3 1 1 1 5 1 1 0 0 1 1 1 1 5 3 1 1 0
1 1 1 1 0 1 1 1 0 0 0 0 0 0 1 1 1 1 0 0
</textarea><textarea id="pixelmap_24">
0 0 1 0 0 0 0 0 1 0 0 0 0 0 0 0 0 0 0 0 0
0 1 3 1 0 0 0 1 2 1 0 0 0 0 0 0 0 0 0 0 0
0 1 5 3 1 1 1 2 5 1 0 0 0 0 0 0 0 0 0 0 0
1 1 3 3 3 3 3 3 3 1 1 0 0 0 0 0 0 1 1 1 0
1 3 2 2 3 3 3 4 3 3 1 0 0 0 0 0 0 1 2 1 0
1 3 2 1 3 3 3 1 3 3 1 1 1 1 1 1 0 1 1 2 1
1 3 3 3 3 3 3 3 3 2 1 3 2 2 2 1 1 0 1 2 1
1 3 3 3 3 5 3 3 3 2 1 3 3 2 2 2 1 0 1 3 1
1 2 3 3 4 3 4 3 3 3 1 3 3 3 2 3 1 1 1 3 1
0 1 3 3 3 3 3 3 3 1 2 3 3 3 3 3 3 3 3 1 1
0 0 1 1 1 1 1 1 1 3 2 2 3 3 3 3 3 1 1 1 0
0 0 1 3 2 2 2 3 3 2 2 2 3 2 2 3 3 1 0 0 0
0 0 1 3 3 2 3 3 1 4 4 4 1 2 2 2 1 1 0 0 0
0 0 0 1 3 3 1 3 3 1 4 1 3 3 2 1 1 0 0 0 0
0 0 0 0 1 3 1 1 3 1 4 1 3 3 1 1 0 0 0 0 0
0 0 0 0 1 5 1 1 5 1 1 5 3 1 1 0 0 0 0 0 0
0 0 0 0 1 1 1 1 1 1 1 1 1 1 0 0 0 0 0 0 0
</textarea><textarea id="pixelmap_25">
0 0 0 1 0 0 0 0 0 1 0 0 0 0 0 0 0 0 0 0
0 0 1 3 1 0 0 0 1 2 1 0 0 0 0 0 0 0 0 0
0 0 1 5 3 1 1 1 2 5 1 0 0 0 0 0 0 0 0 0
0 1 1 3 3 3 3 3 3 3 1 1 1 1 1 1 0 0 0 0
0 1 3 2 2 3 3 3 4 3 3 1 1 3 3 1 1 1 1 0
0 1 3 2 1 3 3 3 1 3 3 1 3 3 3 2 2 2 1 0
0 1 3 3 3 3 3 3 3 3 2 1 3 3 3 3 2 2 1 1
0 1 3 3 3 3 5 3 3 3 2 1 3 3 3 3 3 3 3 1
1 1 2 3 3 4 3 4 3 3 3 1 3 2 1 3 3 3 3 1
1 1 1 3 3 3 3 3 3 3 1 3 3 2 2 1 1 3 3 1
1 2 2 1 1 1 1 1 1 1 1 1 4 4 3 1 3 3 1 1
1 1 2 2 5 1 5 3 3 1 2 1 1 1 1 3 3 1 1 0
0 1 1 1 1 1 1 1 1 1 2 2 2 2 3 3 1 1 0 0
0 0 0 0 0 0 0 0 0 1 1 1 1 1 1 1 1 0 0 0
</textarea><textarea id="pixelmap_26">
0 0 0 1 0 0 0 0 0 1 1 0 0 0 0 0 0
0 0 1 3 1 0 0 0 1 2 1 0 0 0 0 0 0
0 0 1 5 3 1 1 1 2 5 1 0 0 0 0 0 0
0 1 1 3 3 3 3 3 3 3 1 1 0 0 0 0 0
0 1 3 2 2 3 3 3 4 3 3 1 0 0 0 0 0
0 1 3 2 1 3 3 3 1 3 3 1 0 0 0 0 0
0 1 3 3 3 3 3 3 3 3 2 1 0 0 0 0 0
0 1 3 3 3 3 5 3 3 3 2 1 0 0 0 0 0
0 1 2 3 3 4 3 4 3 3 3 1 0 0 0 0 0
0 0 1 3 3 3 3 3 3 3 1 1 0 0 0 0 0
1 1 3 1 1 1 1 1 1 1 3 1 1 1 0 0 0
1 5 3 2 2 2 2 3 3 3 3 3 1 2 1 1 0
1 1 1 3 2 1 1 1 3 3 3 3 1 1 2 1 0
0 0 1 1 3 1 5 3 3 3 2 3 2 1 2 1 1
0 0 0 1 3 3 1 1 3 3 3 2 2 1 1 3 1
0 0 0 1 3 4 4 4 3 3 3 2 2 1 1 3 1
0 0 0 1 1 4 4 4 3 1 1 1 2 1 3 3 1
0 0 0 0 1 4 4 4 3 1 3 3 2 1 3 1 1
0 0 0 0 1 2 4 4 3 3 3 3 3 3 1 1 0
0 0 0 0 1 2 2 1 1 3 3 3 1 1 1 0 0
0 0 0 0 1 1 5 1 1 1 1 5 1 0 0 0 0
0 0 0 0 0 1 1 0 0 0 1 1 1 0 0 0 0
</textarea><textarea id="pixelmap_27">
0 0 0 0 0 0 0 0 0 0 1 1 1 1 1 1 0 0 0 0
0 0 0 0 0 0 0 0 0 0 1 2 2 2 2 1 1 1 0 0
0 0 0 0 0 0 0 0 0 0 1 2 1 1 2 3 3 1 0 0
0 0 0 0 0 0 0 0 0 0 1 1 0 0 1 1 3 1 0 0
0 0 0 0 0 0 0 0 0 0 0 0 0 0 0 1 3 1 1 0
0 0 0 0 0 0 0 0 0 0 0 0 0 0 0 1 3 3 1 0
0 0 1 1 0 0 0 0 1 1 0 0 0 1 1 1 1 1 1 0
0 1 3 1 0 0 0 1 2 1 0 0 1 1 2 2 2 3 1 1
1 3 5 3 1 1 1 2 5 2 1 1 1 2 2 2 3 3 3 1
1 3 3 3 3 3 3 3 3 3 1 1 2 2 2 2 3 3 3 1
1 3 2 2 3 3 3 4 3 3 1 3 3 2 2 3 3 3 3 1
1 3 2 1 3 3 3 1 3 3 1 3 3 3 3 3 3 2 1 1
1 3 3 3 3 3 3 3 3 2 1 3 3 3 3 3 2 2 1 0
1 3 3 3 3 5 3 3 3 2 1 3 3 3 3 4 2 2 1 0
1 2 3 3 4 3 4 3 3 3 1 3 3 4 4 4 3 2 1 0
0 1 3 3 3 3 3 3 3 1 1 3 4 4 4 1 3 2 2 1
0 0 1 1 1 1 1 1 1 3 3 3 1 1 1 1 1 3 3 1
0 1 1 2 2 2 2 3 3 3 1 1 1 3 3 1 1 3 1 1
1 1 3 3 2 1 3 3 1 1 1 1 5 3 1 1 3 3 1 0
1 5 3 1 1 1 5 1 1 0 0 1 1 1 1 5 3 1 1 0
1 1 1 1 0 1 1 1 0 0 0 0 0 0 1 1 1 1 0 0
</textarea><textarea id="pixelmap_28">
0 0 1 0 0 0 0 0 1 0 0 0 0 0 0 0 0 0 0 0 0
0 1 2 1 0 0 0 1 3 1 0 0 0 0 0 0 0 0 0 0 0
0 1 5 2 1 1 1 3 5 1 0 0 0 0 0 0 0 0 0 0 0
1 1 2 2 2 3 3 3 3 1 1 0 0 0 0 0 0 1 1 1 0
1 2 2 4 2 2 3 4 3 3 1 0 0 0 0 0 0 1 3 1 0
1 2 2 1 2 2 3 1 3 3 1 1 1 1 1 1 0 1 1 3 1
1 2 2 2 2 2 2 3 3 3 1 3 3 3 2 1 1 0 1 3 1
1 2 2 2 2 5 2 3 3 3 1 3 3 3 2 2 1 0 1 3 1
1 2 2 2 4 2 4 3 3 3 1 3 3 3 2 2 1 1 1 3 1
0 1 2 2 2 2 2 3 3 1 3 3 3 2 2 2 2 2 2 1 1
0 0 1 1 1 1 1 1 1 2 2 3 3 3 2 2 3 1 1 1 0
0 0 1 3 3 3 3 2 2 2 2 2 3 3 3 3 3 1 0 0 0
0 0 1 3 3 3 2 2 1 4 4 4 1 3 3 3 1 1 0 0 0
0 0 0 1 3 3 1 2 2 1 4 1 3 3 3 1 1 0 0 0 0
0 0 0 0 1 3 1 1 2 1 4 1 3 3 1 1 0 0 0 0 0
0 0 0 0 1 5 1 1 5 1 1 2 3 1 1 0 0 0 0 0 0
0 0 0 0 1 1 1 1 1 1 1 1 1 1 0 0 0 0 0 0 0
</textarea><textarea id="pixelmap_29">
0 0 0 1 0 0 0 0 0 1 0 0 0 0 0 0 0 0 0 0
0 0 1 2 1 0 0 0 1 3 1 0 0 0 0 0 0 0 0 0
0 0 1 5 2 1 1 1 3 5 1 0 0 0 0 0 0 0 0 0
0 1 1 2 2 2 3 3 3 3 1 1 1 1 1 1 0 0 0 0
0 1 2 2 4 2 2 3 4 3 3 1 1 3 3 1 1 1 1 0
0 1 2 2 1 2 2 3 1 3 3 1 3 3 3 3 3 3 1 0
0 1 2 2 2 2 2 2 3 3 3 1 3 3 3 3 2 2 1 1
0 1 2 2 2 2 5 2 3 3 3 1 3 3 3 3 2 2 2 1
1 1 2 2 2 4 2 4 3 3 3 1 3 3 1 2 2 2 2 1
1 1 1 2 2 2 2 2 3 3 1 3 3 3 3 1 1 2 2 1
1 3 3 1 1 1 1 1 1 1 1 1 4 4 3 1 2 2 1 1
1 1 3 3 5 1 2 2 2 1 3 1 1 1 1 3 2 1 1 0
0 1 1 1 1 1 1 1 1 1 3 3 3 3 3 3 1 1 0 0
0 0 0 0 0 0 0 0 0 1 1 1 1 1 1 1 1 0 0 0
</textarea><textarea id="pixelmap_30">
0 0 0 1 0 0 0 0 0 1 1 0 0 0 0 0 0
0 0 1 2 1 0 0 0 1 3 1 0 0 0 0 0 0
0 0 1 5 2 1 1 1 3 5 1 0 0 0 0 0 0
0 1 1 2 2 2 3 3 3 3 1 1 0 0 0 0 0
0 1 2 2 4 2 2 3 4 3 3 1 0 0 0 0 0
0 1 2 2 1 2 2 3 1 3 3 1 0 0 0 0 0
0 1 2 2 2 2 2 2 3 3 3 1 0 0 0 0 0
0 1 2 2 2 2 5 2 3 3 3 1 0 0 0 0 0
0 1 2 2 2 4 2 4 3 3 3 1 0 0 0 0 0
0 0 1 2 2 2 2 2 3 3 1 1 0 0 0 0 0
1 1 3 1 1 1 1 1 1 1 3 1 1 1 0 0 0
1 5 3 3 3 3 3 3 3 3 3 3 1 3 1 1 0
1 1 1 3 3 1 1 1 2 3 3 3 1 1 3 1 0
0 0 1 1 3 1 5 2 2 2 3 3 3 1 3 1 1
0 0 0 1 3 3 1 1 2 2 3 3 3 1 1 3 1
0 0 0 1 3 4 4 4 3 3 3 3 3 1 1 3 1
0 0 0 1 1 4 4 4 3 1 1 1 2 1 2 2 1
0 0 0 0 1 4 4 4 3 1 3 2 2 1 2 1 1
0 0 0 0 1 2 4 4 3 3 3 2 2 2 1 1 0
0 0 0 0 1 2 2 1 1 3 3 2 1 1 1 0 0
0 0 0 0 1 1 5 1 1 1 1 2 1 0 0 0 0
0 0 0 0 0 1 1 0 0 0 1 1 1 0 0 0 0
</textarea><textarea id="pixelmap_31">
0 0 0 0 0 0 0 0 0 0 1 1 1 1 1 1 0 0 0 0
0 0 0 0 0 0 0 0 0 0 1 3 3 3 3 1 1 1 0 0
0 0 0 0 0 0 0 0 0 0 1 3 1 1 3 3 3 1 0 0
0 0 0 0 0 0 0 0 0 0 1 1 0 0 1 1 2 1 0 0
0 0 0 0 0 0 0 0 0 0 0 0 0 0 0 1 2 1 1 0
0 0 0 0 0 0 0 0 0 0 0 0 0 0 0 1 2 2 1 0
0 0 1 1 0 0 0 0 1 1 0 0 0 1 1 1 1 1 1 0
0 1 2 1 0 0 0 1 3 1 0 0 1 1 2 2 2 2 1 1
1 2 5 2 1 1 1 3 5 3 1 1 1 3 3 2 2 2 3 1
1 2 2 2 2 3 3 3 3 3 1 1 3 3 3 3 3 3 3 1
1 2 2 4 2 2 3 4 3 3 1 3 3 3 3 3 3 3 3 1
1 2 2 1 2 2 3 1 3 3 1 3 3 3 3 3 3 3 1 1
1 2 2 2 2 2 2 3 3 3 1 3 3 3 3 3 3 3 1 0
1 2 2 2 2 5 2 3 3 3 1 2 2 2 3 4 3 3 1 0
1 2 2 2 4 2 4 3 3 3 1 2 2 4 4 4 3 3 1 0
0 1 2 2 2 2 2 3 3 1 1 2 4 4 4 1 3 3 3 1
0 0 1 1 1 1 1 1 1 2 2 2 1 1 1 1 1 2 3 1
0 1 1 3 3 3 2 2 2 2 1 1 1 3 3 1 1 2 1 1
1 1 3 3 3 1 2 2 1 1 1 1 5 3 1 1 2 2 1 0
1 5 3 1 1 1 5 1 1 0 0 1 1 1 1 2 2 1 1 0
1 1 1 1 0 1 1 1 0 0 0 0 0 0 1 1 1 1 0 0
</textarea><textarea id="pixelmap_32">
0 0 1 0 0 0 0 0 1 0 0 0 0 0 0 0 0 0 0 0 0
0 1 3 1 0 0 0 1 3 1 0 0 0 0 0 0 0 0 0 0 0
0 1 5 3 1 1 1 3 5 1 0 0 0 0 0 0 0 0 0 0 0
1 1 3 3 3 3 3 3 3 1 1 0 0 0 0 0 0 1 1 1 0
1 3 3 3 3 3 3 3 3 3 1 0 0 0 0 0 0 1 3 1 0
1 3 3 1 3 3 3 1 3 3 1 1 1 1 1 1 0 1 1 3 1
1 3 3 4 3 3 3 4 3 3 1 3 3 3 3 1 1 0 1 3 1
1 3 3 3 3 5 3 3 3 3 1 3 3 3 3 3 1 0 1 3 1
1 3 3 3 4 3 4 3 3 3 1 3 3 3 3 3 1 1 1 3 1
0 1 3 3 3 3 3 3 3 1 3 3 3 3 3 3 3 3 3 1 1
0 0 1 1 1 1 1 1 1 3 3 3 3 3 3 3 3 1 1 1 0
0 0 1 3 3 3 3 3 3 3 3 3 3 3 3 3 3 1 0 0 0
0 0 1 3 3 3 3 3 1 4 4 4 1 3 3 3 1 1 0 0 0
0 0 0 1 3 3 1 3 3 1 4 1 3 3 3 1 1 0 0 0 0
0 0 0 0 1 3 1 1 3 1 4 1 3 3 1 1 0 0 0 0 0
0 0 0 0 1 5 1 1 5 1 1 5 3 1 1 0 0 0 0 0 0
0 0 0 0 1 1 1 1 1 1 1 1 1 1 0 0 0 0 0 0 0
</textarea><textarea id="pixelmap_33">
0 0 0 1 0 0 0 0 0 1 0 0 0 0 0 0 0 0 0 0
0 0 1 3 1 0 0 0 1 3 1 0 0 0 0 0 0 0 0 0
0 0 1 5 3 1 1 1 3 5 1 0 0 0 0 0 0 0 0 0
0 1 1 3 3 3 3 3 3 3 1 1 1 1 1 1 0 0 0 0
0 1 3 3 3 3 3 3 3 3 3 1 1 3 3 1 1 1 1 0
0 1 3 3 1 3 3 3 1 3 3 1 3 3 3 3 3 3 1 0
0 1 3 3 4 3 3 3 4 3 3 1 3 3 3 3 3 3 1 1
0 1 3 3 3 3 5 3 3 3 3 1 3 3 3 3 3 3 3 1
1 1 3 3 3 4 3 4 3 3 3 1 3 3 1 3 3 3 3 1
1 1 1 3 3 3 3 3 3 3 1 3 3 3 3 1 1 3 3 1
1 3 3 1 1 1 1 1 1 1 1 1 4 4 3 1 3 3 1 1
1 1 3 3 5 1 5 3 3 1 3 1 1 1 1 3 3 1 1 0
0 1 1 1 1 1 1 1 1 1 3 3 3 3 3 3 1 1 0 0
0 0 0 0 0 0 0 0 0 1 1 1 1 1 1 1 1 0 0 0
</textarea><textarea id="pixelmap_34">
0 0 0 1 0 0 0 0 0 1 1 0 0 0 0 0 0
0 0 1 3 1 0 0 0 1 3 1 0 0 0 0 0 0
0 0 1 5 3 1 1 1 3 5 1 0 0 0 0 0 0
0 1 1 3 3 3 3 3 3 3 1 1 0 0 0 0 0
0 1 3 3 3 3 3 3 3 3 3 1 0 0 0 0 0
0 1 3 3 1 3 3 3 1 3 3 1 0 0 0 0 0
0 1 3 3 4 3 3 3 4 3 3 1 0 0 0 0 0
0 1 3 3 3 3 5 3 3 3 3 1 0 0 0 0 0
0 1 3 3 3 4 3 4 3 3 3 1 0 0 0 0 0
0 0 1 3 3 3 3 3 3 3 1 1 0 0 0 0 0
1 1 3 1 1 1 1 1 1 1 3 1 1 1 0 0 0
1 5 3 3 3 3 3 3 3 3 3 3 1 3 1 1 0
1 1 1 3 3 1 1 1 3 3 3 3 1 1 3 1 0
0 0 1 1 3 1 5 3 3 3 3 3 3 1 3 1 1
0 0 0 1 3 3 1 1 3 3 3 3 3 1 1 3 1
0 0 0 1 3 4 4 4 3 3 3 3 3 1 1 3 1
0 0 0 1 1 4 4 4 3 1 1 1 3 1 3 3 1
0 0 0 0 1 4 4 4 3 1 3 3 3 1 3 1 1
0 0 0 0 1 3 4 4 3 3 3 3 3 3 1 1 0
0 0 0 0 1 3 3 1 1 3 3 3 1 1 1 0 0
0 0 0 0 1 1 5 1 1 1 1 5 1 0 0 0 0
0 0 0 0 0 1 1 0 0 0 1 1 1 0 0 0 0
</textarea><textarea id="pixelmap_35">
0 0 0 0 0 0 0 0 0 0 1 1 1 1 1 1 0 0 0 0
0 0 0 0 0 0 0 0 0 0 1 3 3 3 3 1 1 1 0 0
0 0 0 0 0 0 0 0 0 0 1 3 1 1 3 3 3 1 0 0
0 0 0 0 0 0 0 0 0 0 1 1 0 0 1 1 3 1 0 0
0 0 0 0 0 0 0 0 0 0 0 0 0 0 0 1 3 1 1 0
0 0 0 0 0 0 0 0 0 0 0 0 0 0 0 1 3 3 1 0
0 0 1 1 0 0 0 0 1 1 0 0 0 1 1 1 1 1 1 0
0 1 3 1 0 0 0 1 3 1 0 0 1 1 3 3 3 3 1 1
1 3 5 3 1 1 1 3 5 3 1 1 1 3 3 3 3 3 3 1
1 3 3 3 3 3 3 3 3 3 1 1 3 3 3 3 3 3 3 1
1 3 3 3 3 3 3 3 3 3 1 3 3 3 3 3 3 3 3 1
1 3 3 1 3 3 3 1 3 3 1 3 3 3 3 3 3 3 1 1
1 3 3 4 3 3 3 4 3 3 1 3 3 3 3 3 3 3 1 0
1 3 3 3 3 5 3 3 3 3 1 3 3 3 3 4 3 3 1 0
1 3 3 3 4 3 4 3 3 3 1 3 3 4 4 4 3 3 1 0
0 1 3 3 3 3 3 3 3 1 1 3 4 4 4 1 3 3 3 1
0 0 1 1 1 1 1 1 1 3 3 3 1 1 1 1 1 3 3 1
0 1 1 3 3 3 3 3 3 3 1 1 1 3 3 1 1 3 1 1
1 1 3 3 3 1 3 3 1 1 1 1 5 3 1 1 3 3 1 0
1 5 3 1 1 1 5 1 1 0 0 1 1 1 1 5 3 1 1 0
1 1 1 1 0 1 1 1 0 0 0 0 0 0 1 1 1 1 0 0
</textarea><textarea id="pixelmap_36">
0 0 1 0 0 0 0 0 1 0 0 0 0 0 0 0 0 0 0 0 0
0 1 3 1 0 0 0 1 3 1 0 0 0 0 0 0 0 0 0 0 0
0 1 5 3 1 1 1 3 5 1 0 0 0 0 0 0 0 0 0 0 0
1 1 3 3 2 3 2 3 3 1 1 0 0 0 0 0 0 1 1 1 0
1 3 3 3 3 3 3 3 3 3 1 0 0 0 0 0 0 1 3 1 0
1 2 3 1 3 3 3 1 3 2 1 1 1 1 1 1 0 1 1 3 1
1 3 3 4 3 3 3 4 3 3 1 3 3 2 3 1 1 0 1 2 1
1 2 3 3 3 5 3 3 3 2 1 3 2 3 3 2 1 0 1 3 1
1 3 3 3 4 3 4 3 3 3 1 3 3 3 2 3 1 1 1 2 1
0 1 3 3 3 3 3 3 3 1 3 3 3 3 3 3 3 2 3 1 1
0 0 1 1 1 1 1 1 1 3 3 3 3 3 3 3 2 1 1 1 0
0 0 1 3 3 3 3 3 3 3 3 3 3 3 3 3 3 1 0 0 0
0 0 1 2 3 3 3 3 1 4 4 4 1 3 3 3 1 1 0 0 0
0 0 0 1 3 3 1 3 2 1 4 1 3 3 3 1 1 0 0 0 0
0 0 0 0 1 3 1 1 3 1 4 1 3 3 1 1 0 0 0 0 0
0 0 0 0 1 5 1 1 5 1 1 5 3 1 1 0 0 0 0 0 0
0 0 0 0 1 1 1 1 1 1 1 1 1 1 0 0 0 0 0 0 0
</textarea><textarea id="pixelmap_37">
0 0 0 1 0 0 0 0 0 1 0 0 0 0 0 0 0 0 0 0
0 0 1 3 1 0 0 0 1 3 1 0 0 0 0 0 0 0 0 0
0 0 1 5 3 1 1 1 3 5 1 0 0 0 0 0 0 0 0 0
0 1 1 3 3 2 3 2 3 3 1 1 1 1 1 1 0 0 0 0
0 1 3 3 3 3 3 3 3 3 3 1 1 3 3 1 1 1 1 0
0 1 2 3 1 3 3 3 1 3 2 1 3 3 2 3 3 2 1 0
0 1 3 3 4 3 3 3 4 3 3 1 3 2 3 3 2 3 1 1
0 1 2 3 3 3 5 3 3 3 2 1 3 3 3 3 3 3 3 1
1 1 3 3 3 4 3 4 3 3 3 1 3 3 1 3 3 3 2 1
1 1 1 3 3 3 3 3 3 3 1 3 3 3 3 1 1 3 3 1
1 3 2 1 1 1 1 1 1 1 1 1 4 4 3 1 3 3 1 1
1 1 3 3 5 1 5 3 2 1 3 1 1 1 1 3 2 1 1 0
0 1 1 1 1 1 1 1 1 1 3 2 3 2 3 2 1 1 0 0
0 0 0 0 0 0 0 0 0 1 1 1 1 1 1 1 1 0 0 0
</textarea><textarea id="pixelmap_38">
0 0 0 1 0 0 0 0 0 1 1 0 0 0 0 0 0
0 0 1 3 1 0 0 0 1 3 1 0 0 0 0 0 0
0 0 1 5 3 1 1 1 3 5 1 0 0 0 0 0 0
0 1 1 3 3 2 3 2 3 3 1 1 0 0 0 0 0
0 1 3 3 3 3 3 3 3 3 3 1 0 0 0 0 0
0 1 2 3 1 3 3 3 1 3 2 1 0 0 0 0 0
0 1 3 3 4 3 3 3 4 3 3 1 0 0 0 0 0
0 1 2 3 3 3 5 3 3 3 2 1 0 0 0 0 0
0 1 3 3 3 4 3 4 3 3 3 1 0 0 0 0 0
0 0 1 3 3 3 3 3 3 3 1 1 0 0 0 0 0
1 1 3 1 1 1 1 1 1 1 3 1 1 1 0 0 0
1 5 3 2 3 3 3 3 3 3 3 2 1 3 1 1 0
1 1 1 3 2 1 1 1 3 3 2 3 1 1 2 1 0
0 0 1 1 3 1 5 3 3 3 3 3 2 1 3 1 1
0 0 0 1 3 3 1 1 3 3 3 2 3 1 1 2 1
0 0 0 1 3 4 4 4 3 3 3 3 3 1 1 3 1
0 0 0 1 1 4 4 4 3 1 1 1 3 1 3 2 1
0 0 0 0 1 4 4 4 3 1 3 3 3 1 2 1 1
0 0 0 0 1 2 4 4 3 3 3 3 3 3 1 1 0
0 0 0 0 1 3 3 1 1 3 3 3 1 1 1 0 0
0 0 0 0 1 1 5 1 1 1 1 5 1 0 0 0 0
0 0 0 0 0 1 1 0 0 0 1 1 1 0 0 0 0
</textarea><textarea id="pixelmap_39">
0 0 0 0 0 0 0 0 0 0 1 1 1 1 1 1 0 0 0 0
0 0 0 0 0 0 0 0 0 0 1 3 2 3 2 1 1 1 0 0
0 0 0 0 0 0 0 0 0 0 1 3 1 1 2 3 2 1 0 0
0 0 0 0 0 0 0 0 0 0 1 1 0 0 1 1 3 1 0 0
0 0 0 0 0 0 0 0 0 0 0 0 0 0 0 1 2 1 1 0
0 0 0 0 0 0 0 0 0 0 0 0 0 0 0 1 3 3 1 0
0 0 1 1 0 0 0 0 1 1 0 0 0 1 1 1 1 1 1 0
0 1 3 1 0 0 0 1 3 1 0 0 1 1 3 3 3 3 1 1
1 3 5 3 1 1 1 3 5 3 1 1 1 3 2 3 3 3 3 1
1 3 3 3 2 3 2 3 3 3 1 1 2 3 3 2 3 3 3 1
1 3 3 3 3 3 3 3 3 3 1 3 3 2 3 3 3 3 3 1
1 2 3 1 3 3 3 1 3 2 1 3 3 3 3 3 3 3 1 1
1 3 3 4 3 3 3 4 3 3 1 3 3 3 3 3 3 3 1 0
1 2 3 3 3 5 3 3 3 2 1 3 3 3 3 4 3 3 1 0
1 3 3 3 4 3 4 3 3 3 1 3 3 4 4 4 3 3 1 0
0 1 3 3 3 3 3 3 3 1 1 3 4 4 4 1 3 3 2 1
0 0 1 1 1 1 1 1 1 3 3 3 1 1 1 1 1 3 3 1
0 1 1 3 3 3 3 3 3 3 1 1 1 3 3 1 1 3 1 1
1 1 3 2 3 1 3 2 1 1 1 1 5 3 1 1 3 3 1 0
1 5 3 1 1 1 5 1 1 0 0 1 1 1 1 5 3 1 1 0
1 1 1 1 0 1 1 1 0 0 0 0 0 0 1 1 1 1 0 0
</textarea><textarea id="pixelmap_40">
0 0 1 0 0 0 0 0 1 0 0 0 0 0 0 0 0 0 0 0 0
0 1 3 1 0 0 0 1 2 1 0 0 0 0 0 0 0 0 0 0 0
0 1 5 3 1 1 1 2 5 1 0 0 0 0 0 0 0 0 0 0 0
1 1 3 3 3 3 3 3 3 1 1 0 0 0 0 0 0 1 1 1 0
1 3 2 2 3 3 3 3 3 3 1 0 0 0 0 0 0 1 2 1 0
1 3 2 1 3 3 3 1 3 3 1 1 1 1 1 1 0 1 1 2 1
1 3 3 4 3 3 3 4 3 2 1 3 2 2 2 1 1 0 1 2 1
1 3 3 3 3 5 3 3 3 2 1 3 3 2 2 2 1 0 1 3 1
1 2 3 3 4 3 4 3 3 3 1 3 3 3 2 3 1 1 1 3 1
0 1 3 3 3 3 3 3 3 1 2 3 3 3 3 3 3 3 3 1 1
0 0 1 1 1 1 1 1 1 3 2 2 3 3 3 3 3 1 1 1 0
0 0 1 3 2 2 2 3 3 2 2 2 3 2 2 3 3 1 0 0 0
0 0 1 3 3 2 3 3 1 4 4 4 1 2 2 2 1 1 0 0 0
0 0 0 1 3 3 1 3 3 1 4 1 3 3 2 1 1 0 0 0 0
0 0 0 0 1 3 1 1 3 1 4 1 3 3 1 1 0 0 0 0 0
0 0 0 0 1 5 1 1 5 1 1 5 3 1 1 0 0 0 0 0 0
0 0 0 0 1 1 1 1 1 1 1 1 1 1 0 0 0 0 0 0 0
</textarea><textarea id="pixelmap_41">
0 0 0 1 0 0 0 0 0 1 0 0 0 0 0 0 0 0 0 0
0 0 1 3 1 0 0 0 1 2 1 0 0 0 0 0 0 0 0 0
0 0 1 5 3 1 1 1 2 5 1 0 0 0 0 0 0 0 0 0
0 1 1 3 3 3 3 3 3 3 1 1 1 1 1 1 0 0 0 0
0 1 3 2 2 3 3 3 3 3 3 1 1 3 3 1 1 1 1 0
0 1 3 2 1 3 3 3 1 3 3 1 3 3 3 2 2 2 1 0
0 1 3 3 4 3 3 3 4 3 2 1 3 3 3 3 2 2 1 1
0 1 3 3 3 3 5 3 3 3 2 1 3 3 3 3 3 3 3 1
1 1 2 3 3 4 3 4 3 3 3 1 3 2 1 3 3 3 3 1
1 1 1 3 3 3 3 3 3 3 1 3 3 2 2 1 1 3 3 1
1 2 2 1 1 1 1 1 1 1 1 1 4 4 3 1 3 3 1 1
1 1 2 2 5 1 5 3 3 1 2 1 1 1 1 3 3 1 1 0
0 1 1 1 1 1 1 1 1 1 2 2 2 2 3 3 1 1 0 0
0 0 0 0 0 0 0 0 0 1 1 1 1 1 1 1 1 0 0 0
</textarea><textarea id="pixelmap_42">
0 0 0 1 0 0 0 0 0 1 1 0 0 0 0 0 0
0 0 1 3 1 0 0 0 1 2 1 0 0 0 0 0 0
0 0 1 5 3 1 1 1 2 5 1 0 0 0 0 0 0
0 1 1 3 3 3 3 3 3 3 1 1 0 0 0 0 0
0 1 3 2 2 3 3 3 3 3 3 1 0 0 0 0 0
0 1 3 2 1 3 3 3 1 3 3 1 0 0 0 0 0
0 1 3 3 4 3 3 3 4 3 2 1 0 0 0 0 0
0 1 3 3 3 3 5 3 3 3 2 1 0 0 0 0 0
0 1 2 3 3 4 3 4 3 3 3 1 0 0 0 0 0
0 0 1 3 3 3 3 3 3 3 1 1 0 0 0 0 0
1 1 3 1 1 1 1 1 1 1 3 1 1 1 0 0 0
1 5 3 2 2 2 2 3 3 3 3 3 1 2 1 1 0
1 1 1 3 2 1 1 1 3 3 3 3 1 1 2 1 0
0 0 1 1 3 1 5 3 3 3 2 3 2 1 2 1 1
0 0 0 1 3 3 1 1 3 3 3 2 2 1 1 3 1
0 0 0 1 3 4 4 4 3 3 3 2 2 1 1 3 1
0 0 0 1 1 4 4 4 3 1 1 1 2 1 3 3 1
0 0 0 0 1 4 4 4 3 1 3 3 2 1 3 1 1
0 0 0 0 1 2 4 4 3 3 3 3 3 3 1 1 0
0 0 0 0 1 2 2 1 1 3 3 3 1 1 1 0 0
0 0 0 0 1 1 5 1 1 1 1 5 1 0 0 0 0
0 0 0 0 0 1 1 0 0 0 1 1 1 0 0 0 0
</textarea><textarea id="pixelmap_43">
0 0 0 0 0 0 0 0 0 0 1 1 1 1 1 1 0 0 0 0
0 0 0 0 0 0 0 0 0 0 1 2 2 2 2 1 1 1 0 0
0 0 0 0 0 0 0 0 0 0 1 2 1 1 2 3 3 1 0 0
0 0 0 0 0 0 0 0 0 0 1 1 0 0 1 1 3 1 0 0
0 0 0 0 0 0 0 0 0 0 0 0 0 0 0 1 3 1 1 0
0 0 0 0 0 0 0 0 0 0 0 0 0 0 0 1 3 3 1 0
0 0 1 1 0 0 0 0 1 1 0 0 0 1 1 1 1 1 1 0
0 1 3 1 0 0 0 1 2 1 0 0 1 1 2 2 2 3 1 1
1 3 5 3 1 1 1 2 5 2 1 1 1 2 2 2 3 3 3 1
1 3 3 3 3 3 3 3 3 3 1 1 2 2 2 2 3 3 3 1
1 3 2 2 3 3 3 3 3 3 1 3 3 2 2 3 3 3 3 1
1 3 2 1 3 3 3 1 3 3 1 3 3 3 3 3 3 2 1 1
1 3 3 4 3 3 3 4 3 2 1 3 3 3 3 3 2 2 1 0
1 3 3 3 3 5 3 3 3 2 1 3 3 3 3 4 2 2 1 0
1 2 3 3 4 3 4 3 3 3 1 3 3 4 4 4 3 2 1 0
0 1 3 3 3 3 3 3 3 1 1 3 4 4 4 1 3 2 2 1
0 0 1 1 1 1 1 1 1 3 3 3 1 1 1 1 1 3 3 1
0 1 1 2 2 2 2 3 3 3 1 1 1 3 3 1 1 3 1 1
1 1 3 3 2 1 3 3 1 1 1 1 5 3 1 1 3 3 1 0
1 5 3 1 1 1 5 1 1 0 0 1 1 1 1 5 3 1 1 0
1 1 1 1 0 1 1 1 0 0 0 0 0 0 1 1 1 1 0 0
</textarea><textarea id="pixelmap_44">
0 0 1 0 0 0 0 0 1 0 0 0 0 0 0 0 0 0 0 0 0
0 1 2 1 0 0 0 1 3 1 0 0 0 0 0 0 0 0 0 0 0
0 1 5 2 1 1 1 3 5 1 0 0 0 0 0 0 0 0 0 0 0
1 1 2 2 2 3 3 3 3 1 1 0 0 0 0 0 0 1 1 1 0
1 2 2 2 2 2 3 3 3 3 1 0 0 0 0 0 0 1 3 1 0
1 2 2 1 2 2 3 1 3 3 1 1 1 1 1 1 0 1 1 3 1
1 2 2 4 2 2 2 4 3 3 1 3 3 3 2 1 1 0 1 3 1
1 2 2 2 2 5 2 3 3 3 1 3 3 3 2 2 1 0 1 3 1
1 2 2 2 4 2 4 3 3 3 1 3 3 3 2 2 1 1 1 3 1
0 1 2 2 2 2 2 3 3 1 3 3 3 2 2 2 2 2 2 1 1
0 0 1 1 1 1 1 1 1 2 2 3 3 3 2 2 3 1 1 1 0
0 0 1 3 3 3 3 2 2 2 2 2 3 3 3 3 3 1 0 0 0
0 0 1 3 3 3 2 2 1 4 4 4 1 3 3 3 1 1 0 0 0
0 0 0 1 3 3 1 2 2 1 4 1 3 3 3 1 1 0 0 0 0
0 0 0 0 1 3 1 1 2 1 4 1 3 3 1 1 0 0 0 0 0
0 0 0 0 1 5 1 1 5 1 1 2 3 1 1 0 0 0 0 0 0
0 0 0 0 1 1 1 1 1 1 1 1 1 1 0 0 0 0 0 0 0
</textarea><textarea id="pixelmap_45">
0 0 0 1 0 0 0 0 0 1 0 0 0 0 0 0 0 0 0 0
0 0 1 2 1 0 0 0 1 3 1 0 0 0 0 0 0 0 0 0
0 0 1 5 2 1 1 1 3 5 1 0 0 0 0 0 0 0 0 0
0 1 1 2 2 2 3 3 3 3 1 1 1 1 1 1 0 0 0 0
0 1 2 2 2 2 2 3 3 3 3 1 1 3 3 1 1 1 1 0
0 1 2 2 1 2 2 3 1 3 3 1 3 3 3 3 3 3 1 0
0 1 2 2 4 2 2 2 4 3 3 1 3 3 3 3 2 2 1 1
0 1 2 2 2 2 5 2 3 3 3 1 3 3 3 3 2 2 2 1
1 1 2 2 2 4 2 4 3 3 3 1 3 3 1 2 2 2 2 1
1 1 1 2 2 2 2 2 3 3 1 3 3 3 3 1 1 2 2 1
1 3 3 1 1 1 1 1 1 1 1 1 4 4 3 1 2 2 1 1
1 1 3 3 5 1 2 2 2 1 3 1 1 1 1 3 2 1 1 0
0 1 1 1 1 1 1 1 1 1 3 3 3 3 3 3 1 1 0 0
0 0 0 0 0 0 0 0 0 1 1 1 1 1 1 1 1 0 0 0
</textarea><textarea id="pixelmap_46">
0 0 0 1 0 0 0 0 0 1 1 0 0 0 0 0 0
0 0 1 2 1 0 0 0 1 3 1 0 0 0 0 0 0
0 0 1 5 2 1 1 1 3 5 1 0 0 0 0 0 0
0 1 1 2 2 2 3 3 3 3 1 1 0 0 0 0 0
0 1 2 2 2 2 2 3 3 3 3 1 0 0 0 0 0
0 1 2 2 1 2 2 3 1 3 3 1 0 0 0 0 0
0 1 2 2 4 2 2 2 4 3 3 1 0 0 0 0 0
0 1 2 2 2 2 5 2 3 3 3 1 0 0 0 0 0
0 1 2 2 2 4 2 4 3 3 3 1 0 0 0 0 0
0 0 1 2 2 2 2 2 3 3 1 1 0 0 0 0 0
1 1 3 1 1 1 1 1 1 1 3 1 1 1 0 0 0
1 5 3 3 3 3 3 3 3 3 3 3 1 3 1 1 0
1 1 1 3 3 1 1 1 2 3 3 3 1 1 3 1 0
0 0 1 1 3 1 5 2 2 2 3 3 3 1 3 1 1
0 0 0 1 3 3 1 1 2 2 3 3 3 1 1 3 1
0 0 0 1 3 4 4 4 3 3 3 3 3 1 1 3 1
0 0 0 1 1 4 4 4 3 1 1 1 2 1 2 2 1
0 0 0 0 1 4 4 4 3 1 3 2 2 1 2 1 1
0 0 0 0 1 2 4 4 3 3 3 2 2 2 1 1 0
0 0 0 0 1 2 2 1 1 3 3 2 1 1 1 0 0
0 0 0 0 1 1 5 1 1 1 1 2 1 0 0 0 0
0 0 0 0 0 1 1 0 0 0 1 1 1 0 0 0 0
</textarea><textarea id="pixelmap_47">
0 0 0 0 0 0 0 0 0 0 1 1 1 1 1 1 0 0 0 0
0 0 0 0 0 0 0 0 0 0 1 3 3 3 3 1 1 1 0 0
0 0 0 0 0 0 0 0 0 0 1 3 1 1 3 3 3 1 0 0
0 0 0 0 0 0 0 0 0 0 1 1 0 0 1 1 2 1 0 0
0 0 0 0 0 0 0 0 0 0 0 0 0 0 0 1 2 1 1 0
0 0 0 0 0 0 0 0 0 0 0 0 0 0 0 1 2 2 1 0
0 0 1 1 0 0 0 0 1 1 0 0 0 1 1 1 1 1 1 0
0 1 2 1 0 0 0 1 3 1 0 0 1 1 2 2 2 2 1 1
1 2 5 2 1 1 1 3 5 3 1 1 1 3 3 2 2 2 3 1
1 2 2 2 2 3 3 3 3 3 1 1 3 3 3 3 3 3 3 1
1 2 2 2 2 2 3 3 3 3 1 3 3 3 3 3 3 3 3 1
1 2 2 1 2 2 3 1 3 3 1 3 3 3 3 3 3 3 1 1
1 2 2 4 2 2 2 4 3 3 1 3 3 3 3 3 3 3 1 0
1 2 2 2 2 5 2 3 3 3 1 2 2 2 3 4 3 3 1 0
1 2 2 2 4 2 4 3 3 3 1 2 2 4 4 4 3 3 1 0
0 1 2 2 2 2 2 3 3 1 1 2 4 4 4 1 3 3 3 1
0 0 1 1 1 1 1 1 1 2 2 2 1 1 1 1 1 2 3 1
0 1 1 3 3 3 2 2 2 2 1 1 1 3 3 1 1 2 1 1
1 1 3 3 3 1 2 2 1 1 1 1 5 3 1 1 2 2 1 0
1 5 3 1 1 1 5 1 1 0 0 1 1 1 1 2 2 1 1 0
1 1 1 1 0 1 1 1 0 0 0 0 0 0 1 1 1 1 0 0
</textarea><textarea id="pixelmap_48">
0 0 1 0 0 0 0 0 1 0 0 0 0 0 0 0 0 0 0 0 0
0 1 3 1 0 0 0 1 3 1 0 0 0 0 0 0 0 0 0 0 0
0 1 5 3 1 1 1 3 5 1 0 0 0 0 0 0 0 0 0 0 0
1 1 3 3 3 3 3 3 3 1 1 0 0 0 0 0 0 1 1 1 0
1 3 3 3 3 3 3 3 3 3 1 0 0 0 0 0 0 1 3 1 0
1 3 3 1 3 3 3 1 3 3 1 1 1 1 1 1 0 1 1 3 1
1 3 3 3 3 3 3 3 3 3 1 3 3 3 3 1 1 0 1 3 1
1 3 4 4 3 5 3 4 4 3 1 3 3 3 3 3 1 0 1 3 1
1 3 3 3 3 3 3 3 3 3 1 3 3 3 3 3 1 1 1 3 1
0 1 3 3 3 3 3 3 3 1 3 3 3 3 3 3 3 3 3 1 1
0 0 1 1 1 1 1 1 1 3 3 3 3 3 3 3 3 1 1 1 0
0 0 1 3 3 3 3 3 3 3 3 3 3 3 3 3 3 1 0 0 0
0 0 1 3 3 3 3 3 1 4 4 4 1 3 3 3 1 1 0 0 0
0 0 0 1 3 3 1 3 3 1 4 1 3 3 3 1 1 0 0 0 0
0 0 0 0 1 3 1 1 3 1 4 1 3 3 1 1 0 0 0 0 0
0 0 0 0 1 5 1 1 5 1 1 5 3 1 1 0 0 0 0 0 0
0 0 0 0 1 1 1 1 1 1 1 1 1 1 0 0 0 0 0 0 0
</textarea><textarea id="pixelmap_49">
0 0 0 1 0 0 0 0 0 1 0 0 0 0 0 0 0 0 0 0
0 0 1 3 1 0 0 0 1 3 1 0 0 0 0 0 0 0 0 0
0 0 1 5 3 1 1 1 3 5 1 0 0 0 0 0 0 0 0 0
0 1 1 3 3 3 3 3 3 3 1 1 1 1 1 1 0 0 0 0
0 1 3 3 3 3 3 3 3 3 3 1 1 3 3 1 1 1 1 0
0 1 3 3 1 3 3 3 1 3 3 1 3 3 3 3 3 3 1 0
0 1 3 3 3 3 3 3 3 3 3 1 3 3 3 3 3 3 1 1
0 1 3 4 4 3 5 3 4 4 3 1 3 3 3 3 3 3 3 1
1 1 3 3 3 3 3 3 3 3 3 1 3 3 1 3 3 3 3 1
1 1 1 3 3 3 3 3 3 3 1 3 3 3 3 1 1 3 3 1
1 3 3 1 1 1 1 1 1 1 1 1 4 4 3 1 3 3 1 1
1 1 3 3 5 1 5 3 3 1 3 1 1 1 1 3 3 1 1 0
0 1 1 1 1 1 1 1 1 1 3 3 3 3 3 3 1 1 0 0
0 0 0 0 0 0 0 0 0 1 1 1 1 1 1 1 1 0 0 0
</textarea><textarea id="pixelmap_50">
0 0 0 1 0 0 0 0 0 1 1 0 0 0 0 0 0
0 0 1 3 1 0 0 0 1 3 1 0 0 0 0 0 0
0 0 1 5 3 1 1 1 3 5 1 0 0 0 0 0 0
0 1 1 3 3 3 3 3 3 3 1 1 0 0 0 0 0
0 1 3 3 3 3 3 3 3 3 3 1 0 0 0 0 0
0 1 3 3 1 3 3 3 1 3 3 1 0 0 0 0 0
0 1 3 3 3 3 3 3 3 3 3 1 0 0 0 0 0
0 1 3 4 4 3 5 3 4 4 3 1 0 0 0 0 0
0 1 3 3 3 3 3 3 3 3 3 1 0 0 0 0 0
0 0 1 3 3 3 3 3 3 3 1 1 0 0 0 0 0
1 1 3 1 1 1 1 1 1 1 3 1 1 1 0 0 0
1 5 3 3 3 3 3 3 3 3 3 3 1 3 1 1 0
1 1 1 3 3 1 1 1 3 3 3 3 1 1 3 1 0
0 0 1 1 3 1 5 3 3 3 3 3 3 1 3 1 1
0 0 0 1 3 3 1 1 3 3 3 3 3 1 1 3 1
0 0 0 1 3 4 4 4 3 3 3 3 3 1 1 3 1
0 0 0 1 1 4 4 4 3 1 1 1 3 1 3 3 1
0 0 0 0 1 4 4 4 3 1 3 3 3 1 3 1 1
0 0 0 0 1 3 4 4 3 3 3 3 3 3 1 1 0
0 0 0 0 1 3 3 1 1 3 3 3 1 1 1 0 0
0 0 0 0 1 1 5 1 1 1 1 5 1 0 0 0 0
0 0 0 0 0 1 1 0 0 0 1 1 1 0 0 0 0
</textarea><textarea id="pixelmap_51">
0 0 0 0 0 0 0 0 0 0 1 1 1 1 1 1 0 0 0 0
0 0 0 0 0 0 0 0 0 0 1 3 3 3 3 1 1 1 0 0
0 0 0 0 0 0 0 0 0 0 1 3 1 1 3 3 3 1 0 0
0 0 0 0 0 0 0 0 0 0 1 1 0 0 1 1 3 1 0 0
0 0 0 0 0 0 0 0 0 0 0 0 0 0 0 1 3 1 1 0
0 0 0 0 0 0 0 0 0 0 0 0 0 0 0 1 3 3 1 0
0 0 1 1 0 0 0 0 1 1 0 0 0 1 1 1 1 1 1 0
0 1 3 1 0 0 0 1 3 1 0 0 1 1 3 3 3 3 1 1
1 3 5 3 1 1 1 3 5 3 1 1 1 3 3 3 3 3 3 1
1 3 3 3 3 3 3 3 3 3 1 1 3 3 3 3 3 3 3 1
1 3 3 3 3 3 3 3 3 3 1 3 3 3 3 3 3 3 3 1
1 3 3 1 3 3 3 1 3 3 1 3 3 3 3 3 3 3 1 1
1 3 3 3 3 3 3 3 3 3 1 3 3 3 3 3 3 3 1 0
1 3 4 4 3 5 3 4 4 3 1 3 3 3 3 4 3 3 1 0
1 3 3 3 3 3 3 3 3 3 1 3 3 4 4 4 3 3 1 0
0 1 3 3 3 3 3 3 3 1 1 3 4 4 4 1 3 3 3 1
0 0 1 1 1 1 1 1 1 3 3 3 1 1 1 1 1 3 3 1
0 1 1 3 3 3 3 3 3 3 1 1 1 3 3 1 1 3 1 1
1 1 3 3 3 1 3 3 1 1 1 1 5 3 1 1 3 3 1 0
1 5 3 1 1 1 5 1 1 0 0 1 1 1 1 5 3 1 1 0
1 1 1 1 0 1 1 1 0 0 0 0 0 0 1 1 1 1 0 0
</textarea><textarea id="pixelmap_52">
0 0 1 0 0 0 0 0 1 0 0 0 0 0 0 0 0 0 0 0 0
0 1 3 1 0 0 0 1 3 1 0 0 0 0 0 0 0 0 0 0 0
0 1 5 3 1 1 1 3 5 1 0 0 0 0 0 0 0 0 0 0 0
1 1 3 3 2 3 2 3 3 1 1 0 0 0 0 0 0 1 1 1 0
1 3 3 3 3 3 3 3 3 3 1 0 0 0 0 0 0 1 3 1 0
1 2 3 1 3 3 3 1 3 2 1 1 1 1 1 1 0 1 1 3 1
1 3 3 3 3 3 3 3 3 3 1 3 3 2 3 1 1 0 1 2 1
1 2 4 4 3 5 3 4 4 2 1 3 2 3 3 2 1 0 1 3 1
1 3 3 3 3 3 3 3 3 3 1 3 3 3 2 3 1 1 1 2 1
0 1 3 3 3 3 3 3 3 1 3 3 3 3 3 3 3 2 3 1 1
0 0 1 1 1 1 1 1 1 3 3 3 3 3 3 3 2 1 1 1 0
0 0 1 3 3 3 3 3 3 3 3 3 3 3 3 3 3 1 0 0 0
0 0 1 2 3 3 3 3 1 4 4 4 1 3 3 3 1 1 0 0 0
0 0 0 1 3 3 1 3 2 1 4 1 3 3 3 1 1 0 0 0 0
0 0 0 0 1 3 1 1 3 1 4 1 3 3 1 1 0 0 0 0 0
0 0 0 0 1 5 1 1 5 1 1 5 3 1 1 0 0 0 0 0 0
0 0 0 0 1 1 1 1 1 1 1 1 1 1 0 0 0 0 0 0 0
</textarea><textarea id="pixelmap_53">
0 0 0 1 0 0 0 0 0 1 0 0 0 0 0 0 0 0 0 0
0 0 1 3 1 0 0 0 1 3 1 0 0 0 0 0 0 0 0 0
0 0 1 5 3 1 1 1 3 5 1 0 0 0 0 0 0 0 0 0
0 1 1 3 3 2 3 2 3 3 1 1 1 1 1 1 0 0 0 0
0 1 3 3 3 3 3 3 3 3 3 1 1 3 3 1 1 1 1 0
0 1 2 3 1 3 3 3 1 3 2 1 3 3 2 3 3 2 1 0
0 1 3 3 3 3 3 3 3 3 3 1 3 2 3 3 2 3 1 1
0 1 2 4 4 3 5 3 4 4 2 1 3 3 3 3 3 3 3 1
1 1 3 3 3 3 3 3 3 3 3 1 3 3 1 3 3 3 2 1
1 1 1 3 3 3 3 3 3 3 1 3 3 3 3 1 1 3 3 1
1 3 2 1 1 1 1 1 1 1 1 1 4 4 3 1 3 3 1 1
1 1 3 3 5 1 5 3 2 1 3 1 1 1 1 3 2 1 1 0
0 1 1 1 1 1 1 1 1 1 3 2 3 2 3 2 1 1 0 0
0 0 0 0 0 0 0 0 0 1 1 1 1 1 1 1 1 0 0 0
</textarea><textarea id="pixelmap_54">
0 0 0 1 0 0 0 0 0 1 1 0 0 0 0 0 0
0 0 1 3 1 0 0 0 1 3 1 0 0 0 0 0 0
0 0 1 5 3 1 1 1 3 5 1 0 0 0 0 0 0
0 1 1 3 3 2 3 2 3 3 1 1 0 0 0 0 0
0 1 3 3 3 3 3 3 3 3 3 1 0 0 0 0 0
0 1 2 3 1 3 3 3 1 3 2 1 0 0 0 0 0
0 1 3 3 3 3 3 3 3 3 3 1 0 0 0 0 0
0 1 2 4 4 3 5 3 4 4 2 1 0 0 0 0 0
0 1 3 3 3 3 3 3 3 3 3 1 0 0 0 0 0
0 0 1 3 3 3 3 3 3 3 1 1 0 0 0 0 0
1 1 3 1 1 1 1 1 1 1 3 1 1 1 0 0 0
1 5 3 2 3 3 3 3 3 3 3 2 1 3 1 1 0
1 1 1 3 2 1 1 1 3 3 2 3 1 1 2 1 0
0 0 1 1 3 1 5 3 3 3 3 3 2 1 3 1 1
0 0 0 1 3 3 1 1 3 3 3 2 3 1 1 2 1
0 0 0 1 3 4 4 4 3 3 3 3 3 1 1 3 1
0 0 0 1 1 4 4 4 3 1 1 1 3 1 3 2 1
0 0 0 0 1 4 4 4 3 1 3 3 3 1 2 1 1
0 0 0 0 1 2 4 4 3 3 3 3 3 3 1 1 0
0 0 0 0 1 3 3 1 1 3 3 3 1 1 1 0 0
0 0 0 0 1 1 5 1 1 1 1 5 1 0 0 0 0
0 0 0 0 0 1 1 0 0 0 1 1 1 0 0 0 0
</textarea><textarea id="pixelmap_55">
0 0 0 0 0 0 0 0 0 0 1 1 1 1 1 1 0 0 0 0
0 0 0 0 0 0 0 0 0 0 1 3 2 3 2 1 1 1 0 0
0 0 0 0 0 0 0 0 0 0 1 3 1 1 2 3 2 1 0 0
0 0 0 0 0 0 0 0 0 0 1 1 0 0 1 1 3 1 0 0
0 0 0 0 0 0 0 0 0 0 0 0 0 0 0 1 2 1 1 0
0 0 0 0 0 0 0 0 0 0 0 0 0 0 0 1 3 3 1 0
0 0 1 1 0 0 0 0 1 1 0 0 0 1 1 1 1 1 1 0
0 1 3 1 0 0 0 1 3 1 0 0 1 1 3 3 3 3 1 1
1 3 5 3 1 1 1 3 5 3 1 1 1 3 2 3 3 3 3 1
1 3 3 3 2 3 2 3 3 3 1 1 2 3 3 2 3 3 3 1
1 3 3 3 3 3 3 3 3 3 1 3 3 2 3 3 3 3 3 1
1 2 3 1 3 3 3 1 3 2 1 3 3 3 3 3 3 3 1 1
1 3 3 3 3 3 3 3 3 3 1 3 3 3 3 3 3 3 1 0
1 2 4 4 3 5 3 4 4 2 1 3 3 3 3 4 3 3 1 0
1 3 3 3 3 3 3 3 3 3 1 3 3 4 4 4 3 3 1 0
0 1 3 3 3 3 3 3 3 1 1 3 4 4 4 1 3 3 2 1
0 0 1 1 1 1 1 1 1 3 3 3 1 1 1 1 1 3 3 1
0 1 1 3 3 3 3 3 3 3 1 1 1 3 3 1 1 3 1 1
1 1 3 2 3 1 3 2 1 1 1 1 5 3 1 1 3 3 1 0
1 5 3 1 1 1 5 1 1 0 0 1 1 1 1 5 3 1 1 0
1 1 1 1 0 1 1 1 0 0 0 0 0 0 1 1 1 1 0 0
</textarea><textarea id="pixelmap_56">
0 0 1 0 0 0 0 0 1 0 0 0 0 0 0 0 0 0 0 0 0
0 1 3 1 0 0 0 1 2 1 0 0 0 0 0 0 0 0 0 0 0
0 1 5 3 1 1 1 2 5 1 0 0 0 0 0 0 0 0 0 0 0
1 1 3 3 3 3 3 3 3 1 1 0 0 0 0 0 0 1 1 1 0
1 3 2 2 3 3 3 3 3 3 1 0 0 0 0 0 0 1 2 1 0
1 3 2 1 3 3 3 1 3 3 1 1 1 1 1 1 0 1 1 2 1
1 3 3 3 3 3 3 3 3 2 1 3 2 2 2 1 1 0 1 2 1
1 3 4 4 3 5 3 4 4 2 1 3 3 2 2 2 1 0 1 3 1
1 2 3 3 3 3 3 3 3 3 1 3 3 3 2 3 1 1 1 3 1
0 1 3 3 3 3 3 3 3 1 2 3 3 3 3 3 3 3 3 1 1
0 0 1 1 1 1 1 1 1 3 2 2 3 3 3 3 3 1 1 1 0
0 0 1 3 2 2 2 3 3 2 2 2 3 2 2 3 3 1 0 0 0
0 0 1 3 3 2 3 3 1 4 4 4 1 2 2 2 1 1 0 0 0
0 0 0 1 3 3 1 3 3 1 4 1 3 3 2 1 1 0 0 0 0
0 0 0 0 1 3 1 1 3 1 4 1 3 3 1 1 0 0 0 0 0
0 0 0 0 1 5 1 1 5 1 1 5 3 1 1 0 0 0 0 0 0
0 0 0 0 1 1 1 1 1 1 1 1 1 1 0 0 0 0 0 0 0
</textarea><textarea id="pixelmap_57">
0 0 0 1 0 0 0 0 0 1 0 0 0 0 0 0 0 0 0 0
0 0 1 3 1 0 0 0 1 2 1 0 0 0 0 0 0 0 0 0
0 0 1 5 3 1 1 1 2 5 1 0 0 0 0 0 0 0 0 0
0 1 1 3 3 3 3 3 3 3 1 1 1 1 1 1 0 0 0 0
0 1 3 2 2 3 3 3 3 3 3 1 1 3 3 1 1 1 1 0
0 1 3 2 1 3 3 3 1 3 3 1 3 3 3 2 2 2 1 0
0 1 3 3 3 3 3 3 3 3 2 1 3 3 3 3 2 2 1 1
0 1 3 4 4 3 5 3 4 4 2 1 3 3 3 3 3 3 3 1
1 1 2 3 3 3 3 3 3 3 3 1 3 2 1 3 3 3 3 1
1 1 1 3 3 3 3 3 3 3 1 3 3 2 2 1 1 3 3 1
1 2 2 1 1 1 1 1 1 1 1 1 4 4 3 1 3 3 1 1
1 1 2 2 5 1 5 3 3 1 2 1 1 1 1 3 3 1 1 0
0 1 1 1 1 1 1 1 1 1 2 2 2 2 3 3 1 1 0 0
0 0 0 0 0 0 0 0 0 1 1 1 1 1 1 1 1 0 0 0
</textarea><textarea id="pixelmap_58">
0 0 0 1 0 0 0 0 0 1 1 0 0 0 0 0 0
0 0 1 3 1 0 0 0 1 2 1 0 0 0 0 0 0
0 0 1 5 3 1 1 1 2 5 1 0 0 0 0 0 0
0 1 1 3 3 3 3 3 3 3 1 1 0 0 0 0 0
0 1 3 2 2 3 3 3 3 3 3 1 0 0 0 0 0
0 1 3 2 1 3 3 3 1 3 3 1 0 0 0 0 0
0 1 3 3 3 3 3 3 3 3 2 1 0 0 0 0 0
0 1 3 4 4 3 5 3 4 4 2 1 0 0 0 0 0
0 1 2 3 3 3 3 3 3 3 3 1 0 0 0 0 0
0 0 1 3 3 3 3 3 3 3 1 1 0 0 0 0 0
1 1 3 1 1 1 1 1 1 1 3 1 1 1 0 0 0
1 5 3 2 2 2 2 3 3 3 3 3 1 2 1 1 0
1 1 1 3 2 1 1 1 3 3 3 3 1 1 2 1 0
0 0 1 1 3 1 5 3 3 3 2 3 2 1 2 1 1
0 0 0 1 3 3 1 1 3 3 3 2 2 1 1 3 1
0 0 0 1 3 4 4 4 3 3 3 2 2 1 1 3 1
0 0 0 1 1 4 4 4 3 1 1 1 2 1 3 3 1
0 0 0 0 1 4 4 4 3 1 3 3 2 1 3 1 1
0 0 0 0 1 2 4 4 3 3 3 3 3 3 1 1 0
0 0 0 0 1 2 2 1 1 3 3 3 1 1 1 0 0
0 0 0 0 1 1 5 1 1 1 1 5 1 0 0 0 0
0 0 0 0 0 1 1 0 0 0 1 1 1 0 0 0 0
</textarea><textarea id="pixelmap_59">
0 0 0 0 0 0 0 0 0 0 1 1 1 1 1 1 0 0 0 0
0 0 0 0 0 0 0 0 0 0 1 2 2 2 2 1 1 1 0 0
0 0 0 0 0 0 0 0 0 0 1 2 1 1 2 3 3 1 0 0
0 0 0 0 0 0 0 0 0 0 1 1 0 0 1 1 3 1 0 0
0 0 0 0 0 0 0 0 0 0 0 0 0 0 0 1 3 1 1 0
0 0 0 0 0 0 0 0 0 0 0 0 0 0 0 1 3 3 1 0
0 0 1 1 0 0 0 0 1 1 0 0 0 1 1 1 1 1 1 0
0 1 3 1 0 0 0 1 2 1 0 0 1 1 2 2 2 3 1 1
1 3 5 3 1 1 1 2 5 2 1 1 1 2 2 2 3 3 3 1
1 3 3 3 3 3 3 3 3 3 1 1 2 2 2 2 3 3 3 1
1 3 2 2 3 3 3 3 3 3 1 3 3 2 2 3 3 3 3 1
1 3 2 1 3 3 3 1 3 3 1 3 3 3 3 3 3 2 1 1
1 3 3 3 3 3 3 3 3 2 1 3 3 3 3 3 2 2 1 0
1 3 4 4 3 5 3 4 4 2 1 3 3 3 3 4 2 2 1 0
1 2 3 3 3 3 3 3 3 3 1 3 3 4 4 4 3 2 1 0
0 1 3 3 3 3 3 3 3 1 1 3 4 4 4 1 3 2 2 1
0 0 1 1 1 1 1 1 1 3 3 3 1 1 1 1 1 3 3 1
0 1 1 2 2 2 2 3 3 3 1 1 1 3 3 1 1 3 1 1
1 1 3 3 2 1 3 3 1 1 1 1 5 3 1 1 3 3 1 0
1 5 3 1 1 1 5 1 1 0 0 1 1 1 1 5 3 1 1 0
1 1 1 1 0 1 1 1 0 0 0 0 0 0 1 1 1 1 0 0
</textarea><textarea id="pixelmap_60">
0 0 1 0 0 0 0 0 1 0 0 0 0 0 0 0 0 0 0 0 0
0 1 2 1 0 0 0 1 3 1 0 0 0 0 0 0 0 0 0 0 0
0 1 5 2 1 1 1 3 5 1 0 0 0 0 0 0 0 0 0 0 0
1 1 2 2 2 3 3 3 3 1 1 0 0 0 0 0 0 1 1 1 0
1 2 2 2 2 2 3 3 3 3 1 0 0 0 0 0 0 1 3 1 0
1 2 2 1 2 2 3 1 3 3 1 1 1 1 1 1 0 1 1 3 1
1 2 2 2 2 2 2 3 3 3 1 3 3 3 2 1 1 0 1 3 1
1 2 4 4 2 5 2 4 4 3 1 3 3 3 2 2 1 0 1 3 1
1 2 2 2 2 2 2 3 3 3 1 3 3 3 2 2 1 1 1 3 1
0 1 2 2 2 2 2 3 3 1 3 3 3 2 2 2 2 2 2 1 1
0 0 1 1 1 1 1 1 1 2 2 3 3 3 2 2 3 1 1 1 0
0 0 1 3 3 3 3 2 2 2 2 2 3 3 3 3 3 1 0 0 0
0 0 1 3 3 3 2 2 1 4 4 4 1 3 3 3 1 1 0 0 0
0 0 0 1 3 3 1 2 2 1 4 1 3 3 3 1 1 0 0 0 0
0 0 0 0 1 3 1 1 2 1 4 1 3 3 1 1 0 0 0 0 0
0 0 0 0 1 5 1 1 5 1 1 2 3 1 1 0 0 0 0 0 0
0 0 0 0 1 1 1 1 1 1 1 1 1 1 0 0 0 0 0 0 0
</textarea><textarea id="pixelmap_61">
0 0 0 1 0 0 0 0 0 1 0 0 0 0 0 0 0 0 0 0
0 0 1 2 1 0 0 0 1 3 1 0 0 0 0 0 0 0 0 0
0 0 1 5 2 1 1 1 3 5 1 0 0 0 0 0 0 0 0 0
0 1 1 2 2 2 3 3 3 3 1 1 1 1 1 1 0 0 0 0
0 1 2 2 2 2 2 3 3 3 3 1 1 3 3 1 1 1 1 0
0 1 2 2 1 2 2 3 1 3 3 1 3 3 3 3 3 3 1 0
0 1 2 2 2 2 2 2 3 3 3 1 3 3 3 3 2 2 1 1
0 1 2 4 4 2 5 2 4 4 3 1 3 3 3 3 2 2 2 1
1 1 2 2 2 2 2 2 3 3 3 1 3 3 1 2 2 2 2 1
1 1 1 2 2 2 2 2 3 3 1 3 3 3 3 1 1 2 2 1
1 3 3 1 1 1 1 1 1 1 1 1 4 4 3 1 2 2 1 1
1 1 3 3 5 1 2 2 2 1 3 1 1 1 1 3 2 1 1 0
0 1 1 1 1 1 1 1 1 1 3 3 3 3 3 3 1 1 0 0
0 0 0 0 0 0 0 0 0 1 1 1 1 1 1 1 1 0 0 0
</textarea><textarea id="pixelmap_62">
0 0 0 1 0 0 0 0 0 1 1 0 0 0 0 0 0
0 0 1 2 1 0 0 0 1 3 1 0 0 0 0 0 0
0 0 1 5 2 1 1 1 3 5 1 0 0 0 0 0 0
0 1 1 2 2 2 3 3 3 3 1 1 0 0 0 0 0
0 1 2 2 2 2 2 3 3 3 3 1 0 0 0 0 0
0 1 2 2 1 2 2 3 1 3 3 1 0 0 0 0 0
0 1 2 2 2 2 2 2 3 3 3 1 0 0 0 0 0
0 1 2 4 4 2 5 2 4 4 3 1 0 0 0 0 0
0 1 2 2 2 2 2 2 3 3 3 1 0 0 0 0 0
0 0 1 2 2 2 2 2 3 3 1 1 0 0 0 0 0
1 1 3 1 1 1 1 1 1 1 3 1 1 1 0 0 0
1 5 3 3 3 3 3 3 3 3 3 3 1 3 1 1 0
1 1 1 3 3 1 1 1 2 3 3 3 1 1 3 1 0
0 0 1 1 3 1 5 2 2 2 3 3 3 1 3 1 1
0 0 0 1 3 3 1 1 2 2 3 3 3 1 1 3 1
0 0 0 1 3 4 4 4 3 3 3 3 3 1 1 3 1
0 0 0 1 1 4 4 4 3 1 1 1 2 1 2 2 1
0 0 0 0 1 4 4 4 3 1 3 2 2 1 2 1 1
0 0 0 0 1 2 4 4 3 3 3 2 2 2 1 1 0
0 0 0 0 1 2 2 1 1 3 3 2 1 1 1 0 0
0 0 0 0 1 1 5 1 1 1 1 2 1 0 0 0 0
0 0 0 0 0 1 1 0 0 0 1 1 1 0 0 0 0
</textarea><textarea id="pixelmap_63">
0 0 0 0 0 0 0 0 0 0 1 1 1 1 1 1 0 0 0 0
0 0 0 0 0 0 0 0 0 0 1 3 3 3 3 1 1 1 0 0
0 0 0 0 0 0 0 0 0 0 1 3 1 1 3 3 3 1 0 0
0 0 0 0 0 0 0 0 0 0 1 1 0 0 1 1 2 1 0 0
0 0 0 0 0 0 0 0 0 0 0 0 0 0 0 1 2 1 1 0
0 0 0 0 0 0 0 0 0 0 0 0 0 0 0 1 2 2 1 0
0 0 1 1 0 0 0 0 1 1 0 0 0 1 1 1 1 1 1 0
0 1 2 1 0 0 0 1 3 1 0 0 1 1 2 2 2 2 1 1
1 2 5 2 1 1 1 3 5 3 1 1 1 3 3 2 2 2 3 1
1 2 2 2 2 3 3 3 3 3 1 1 3 3 3 3 3 3 3 1
1 2 2 2 2 2 3 3 3 3 1 3 3 3 3 3 3 3 3 1
1 2 2 1 2 2 3 1 3 3 1 3 3 3 3 3 3 3 1 1
1 2 2 2 2 2 2 3 3 3 1 3 3 3 3 3 3 3 1 0
1 2 4 4 2 5 2 4 4 3 1 2 2 2 3 4 3 3 1 0
1 2 2 2 2 2 2 3 3 3 1 2 2 4 4 4 3 3 1 0
0 1 2 2 2 2 2 3 3 1 1 2 4 4 4 1 3 3 3 1
0 0 1 1 1 1 1 1 1 2 2 2 1 1 1 1 1 2 3 1
0 1 1 3 3 3 2 2 2 2 1 1 1 3 3 1 1 2 1 1
1 1 3 3 3 1 2 2 1 1 1 1 5 3 1 1 2 2 1 0
1 5 3 1 1 1 5 1 1 0 0 1 1 1 1 2 2 1 1 0
1 1 1 1 0 1 1 1 0 0 0 0 0 0 1 1 1 1 0 0
</textarea><textarea id="pixelmap_64">
0 0 0 0 0 0 0 0 0 0 0 0 1 0 0 0 0 0 1 0 0
0 0 0 0 0 0 0 0 0 0 0 1 3 1 0 0 0 1 3 1 0
0 0 0 0 0 0 0 0 0 0 0 1 5 3 1 1 1 3 5 1 0
0 1 1 1 0 0 0 0 0 0 1 1 3 3 3 3 3 3 3 1 1
0 1 3 1 0 0 0 0 0 0 1 3 3 3 3 3 3 3 3 3 1
1 3 1 1 0 1 1 1 1 1 1 3 3 1 3 3 3 1 3 3 1
1 3 1 0 1 1 3 3 3 3 1 3 3 3 3 3 3 3 3 3 1
1 3 1 0 1 3 3 3 3 3 1 3 3 4 3 5 3 4 3 3 1
1 3 1 1 1 3 3 3 3 3 1 3 3 3 4 3 4 3 3 3 1
1 1 3 3 3 3 3 3 3 3 3 1 3 3 3 3 3 3 3 1 0
0 1 1 1 3 3 3 3 3 3 3 3 1 1 1 1 1 1 1 0 0
0 0 0 1 3 3 3 3 3 3 3 3 3 3 3 3 3 3 1 0 0
0 0 0 1 1 3 3 3 1 4 4 4 1 3 3 3 3 3 1 0 0
0 0 0 0 1 1 3 3 3 1 4 1 3 3 1 3 3 1 0 0 0
0 0 0 0 0 1 1 3 3 1 4 1 3 1 1 3 1 0 0 0 0
0 0 0 0 0 0 1 1 3 5 1 1 5 1 1 5 1 0 0 0 0
0 0 0 0 0 0 0 1 1 1 1 1 1 1 1 1 1 0 0 0 0
</textarea><textarea id="pixelmap_65">
0 0 0 0 0 0 0 0 0 0 1 0 0 0 0 0 1 0 0 0
0 0 0 0 0 0 0 0 0 1 3 1 0 0 0 1 3 1 0 0
0 0 0 0 0 0 0 0 0 1 5 3 1 1 1 3 5 1 0 0
0 0 0 0 1 1 1 1 1 1 3 3 3 3 3 3 3 1 1 0
0 1 1 1 1 3 3 1 1 3 3 3 3 3 3 3 3 3 1 0
0 1 3 3 3 3 3 3 1 3 3 1 3 3 3 1 3 3 1 0
1 1 3 3 3 3 3 3 1 3 3 3 3 3 3 3 3 3 1 0
1 3 3 3 3 3 3 3 1 3 3 4 3 5 3 4 3 3 1 0
1 3 3 3 3 1 3 3 1 3 3 3 4 3 4 3 3 3 1 1
1 3 3 1 1 3 3 3 3 1 3 3 3 3 3 3 3 1 1 1
1 1 3 3 1 3 4 4 1 1 1 1 1 1 1 1 1 3 3 1
0 1 1 3 3 1 1 1 1 3 1 3 3 5 1 5 3 3 1 1
0 0 1 1 3 3 3 3 3 3 1 1 1 1 1 1 1 1 1 0
0 0 0 1 1 1 1 1 1 1 1 0 0 0 0 0 0 0 0 0
</textarea><textarea id="pixelmap_66">
0 0 0 0 0 0 1 1 0 0 0 0 0 1 0 0 0
0 0 0 0 0 0 1 3 1 0 0 0 1 3 1 0 0
0 0 0 0 0 0 1 5 3 1 1 1 3 5 1 0 0
0 0 0 0 0 1 1 3 3 3 3 3 3 3 1 1 0
0 0 0 0 0 1 3 3 3 3 3 3 3 3 3 1 0
0 0 0 0 0 1 3 3 1 3 3 3 1 3 3 1 0
0 0 0 0 0 1 3 3 3 3 3 3 3 3 3 1 0
0 0 0 0 0 1 3 3 4 3 5 3 4 3 3 1 0
0 0 0 0 0 1 3 3 3 4 3 4 3 3 3 1 0
0 0 0 0 0 1 1 3 3 3 3 3 3 3 1 0 0
0 0 0 1 1 1 3 1 1 1 1 1 1 1 3 1 1
0 1 1 3 1 3 3 3 3 3 3 3 3 3 3 5 1
0 1 3 1 1 3 3 3 3 1 1 1 3 3 1 1 1
1 1 3 1 3 3 3 3 3 3 5 1 3 1 1 0 0
1 3 1 1 3 3 3 3 3 1 1 3 3 1 0 0 0
1 3 1 1 3 3 3 3 3 4 4 4 3 1 0 0 0
1 3 3 1 3 1 1 1 3 4 4 4 1 1 0 0 0
1 1 3 1 3 3 3 1 3 4 4 4 1 0 0 0 0
0 1 1 3 3 3 3 3 3 4 4 3 1 0 0 0 0
0 0 1 1 1 3 3 3 1 1 3 3 1 0 0 0 0
0 0 0 0 1 5 1 1 1 1 5 1 1 0 0 0 0
0 0 0 0 1 1 1 0 0 0 1 1 0 0 0 0 0
</textarea><textarea id="pixelmap_67">
0 0 0 0 1 1 1 1 1 1 0 0 0 0 0 0 0 0 0 0
0 0 1 1 1 3 3 3 3 1 0 0 0 0 0 0 0 0 0 0
0 0 1 3 3 3 1 1 3 1 0 0 0 0 0 0 0 0 0 0
0 0 1 3 1 1 0 0 1 1 0 0 0 0 0 0 0 0 0 0
0 1 1 3 1 0 0 0 0 0 0 0 0 0 0 0 0 0 0 0
0 1 3 3 1 0 0 0 0 0 0 0 0 0 0 0 0 0 0 0
0 1 1 1 1 1 1 0 0 0 1 1 0 0 0 0 1 1 0 0
1 1 3 3 3 3 1 1 0 0 1 3 1 0 0 0 1 3 1 0
1 3 3 3 3 3 3 1 1 1 3 5 3 1 1 1 3 5 3 1
1 3 3 3 3 3 3 3 1 1 3 3 3 3 3 3 3 3 3 1
1 3 3 3 3 3 3 3 3 1 3 3 3 3 3 3 3 3 3 1
1 1 3 3 3 3 3 3 3 1 3 3 1 3 3 3 1 3 3 1
0 1 3 3 3 3 3 3 3 1 3 3 3 3 3 3 3 3 3 1
0 1 3 3 4 3 3 3 3 1 3 3 4 3 5 3 4 3 3 1
0 1 3 3 4 4 4 3 3 1 3 3 3 4 3 4 3 3 3 1
1 3 3 3 1 4 4 4 3 1 1 3 3 3 3 3 3 3 1 0
1 3 3 1 1 1 1 1 3 3 3 1 1 1 1 1 1 1 0 0
1 1 3 1 1 3 3 1 1 1 3 3 3 3 3 3 3 1 1 0
0 1 3 3 1 1 3 5 1 1 1 1 3 3 1 3 3 3 1 1
0 1 1 3 5 1 1 1 1 0 0 1 1 5 1 1 1 3 5 1
0 0 1 1 1 1 0 0 0 0 0 0 1 1 1 0 1 1 1 1
</textarea><textarea id="pixelmap_68">
0 0 0 0 0 0 0 0 0 0 0 0 1 0 0 0 0 0 1 0 0
0 0 0 0 0 0 0 0 0 0 0 1 3 1 0 0 0 1 3 1 0
0 0 0 0 0 0 0 0 0 0 0 1 5 3 1 1 1 3 5 1 0
0 1 1 1 0 0 0 0 0 0 1 1 3 3 2 3 2 3 3 1 1
0 1 3 1 0 0 0 0 0 0 1 3 3 3 3 3 3 3 3 3 1
1 3 1 1 0 1 1 1 1 1 1 2 3 1 3 3 3 1 3 2 1
1 2 1 0 1 1 3 2 3 3 1 3 3 3 3 3 3 3 3 3 1
1 3 1 0 1 2 3 3 2 3 1 2 3 4 3 5 3 4 3 2 1
1 2 1 1 1 3 2 3 3 3 1 3 3 3 4 3 4 3 3 3 1
1 1 3 2 3 3 3 3 3 3 3 1 3 3 3 3 3 3 3 1 0
0 1 1 1 2 3 3 3 3 3 3 3 1 1 1 1 1 1 1 0 0
0 0 0 1 3 3 3 3 3 3 3 3 3 3 3 3 3 3 1 0 0
0 0 0 1 1 3 3 3 1 4 4 4 1 3 3 3 3 2 1 0 0
0 0 0 0 1 1 3 3 3 1 4 1 2 3 1 3 3 1 0 0 0
0 0 0 0 0 1 1 3 3 1 4 1 3 1 1 3 1 0 0 0 0
0 0 0 0 0 0 1 1 3 5 1 1 5 1 1 5 1 0 0 0 0
0 0 0 0 0 0 0 1 1 1 1 1 1 1 1 1 1 0 0 0 0
</textarea><textarea id="pixelmap_69">
0 0 0 0 0 0 0 0 0 0 1 0 0 0 0 0 1 0 0 0
0 0 0 0 0 0 0 0 0 1 3 1 0 0 0 1 3 1 0 0
0 0 0 0 0 0 0 0 0 1 5 3 1 1 1 3 5 1 0 0
0 0 0 0 1 1 1 1 1 1 3 3 2 3 2 3 3 1 1 0
0 1 1 1 1 3 3 1 1 3 3 3 3 3 3 3 3 3 1 0
0 1 2 3 3 2 3 3 1 2 3 1 3 3 3 1 3 2 1 0
1 1 3 2 3 3 2 3 1 3 3 3 3 3 3 3 3 3 1 0
1 3 3 3 3 3 3 3 1 2 3 4 3 5 3 4 3 2 1 0
1 2 3 3 3 1 3 3 1 3 3 3 4 3 4 3 3 3 1 1
1 3 3 1 1 3 3 3 3 1 3 3 3 3 3 3 3 1 1 1
1 1 3 3 1 3 4 4 1 1 1 1 1 1 1 1 1 2 3 1
0 1 1 2 3 1 1 1 1 3 1 2 3 5 1 5 3 3 1 1
0 0 1 1 2 3 2 3 2 3 1 1 1 1 1 1 1 1 1 0
0 0 0 1 1 1 1 1 1 1 1 0 0 0 0 0 0 0 0 0
</textarea><textarea id="pixelmap_70">
0 0 0 0 0 0 1 1 0 0 0 0 0 1 0 0 0
0 0 0 0 0 0 1 3 1 0 0 0 1 3 1 0 0
0 0 0 0 0 0 1 5 3 1 1 1 3 5 1 0 0
0 0 0 0 0 1 1 3 3 2 3 2 3 3 1 1 0
0 0 0 0 0 1 3 3 3 3 3 3 3 3 3 1 0
0 0 0 0 0 1 2 3 1 3 3 3 1 3 2 1 0
0 0 0 0 0 1 3 3 3 3 3 3 3 3 3 1 0
0 0 0 0 0 1 2 3 4 3 5 3 4 3 2 1 0
0 0 0 0 0 1 3 3 3 4 3 4 3 3 3 1 0
0 0 0 0 0 1 1 3 3 3 3 3 3 3 1 0 0
0 0 0 1 1 1 3 1 1 1 1 1 1 1 3 1 1
0 1 1 3 1 2 3 3 3 3 3 3 3 2 3 5 1
0 1 2 1 1 3 2 3 3 1 1 1 2 3 1 1 1
1 1 3 1 2 3 3 3 3 3 5 1 3 1 1 0 0
1 2 1 1 3 2 3 3 3 1 1 3 3 1 0 0 0
1 3 1 1 3 3 3 3 3 4 4 4 3 1 0 0 0
1 2 3 1 3 1 1 1 3 4 4 4 1 1 0 0 0
1 1 2 1 3 3 3 1 3 4 4 4 1 0 0 0 0
0 1 1 3 3 3 3 3 3 4 4 2 1 0 0 0 0
0 0 1 1 1 3 3 3 1 1 3 3 1 0 0 0 0
0 0 0 0 1 5 1 1 1 1 5 1 1 0 0 0 0
0 0 0 0 1 1 1 0 0 0 1 1 0 0 0 0 0
</textarea><textarea id="pixelmap_71">
0 0 0 0 1 1 1 1 1 1 0 0 0 0 0 0 0 0 0 0
0 0 1 1 1 2 3 2 3 1 0 0 0 0 0 0 0 0 0 0
0 0 1 2 3 2 1 1 3 1 0 0 0 0 0 0 0 0 0 0
0 0 1 3 1 1 0 0 1 1 0 0 0 0 0 0 0 0 0 0
0 1 1 2 1 0 0 0 0 0 0 0 0 0 0 0 0 0 0 0
0 1 3 3 1 0 0 0 0 0 0 0 0 0 0 0 0 0 0 0
0 1 1 1 1 1 1 0 0 0 1 1 0 0 0 0 1 1 0 0
1 1 3 3 3 3 1 1 0 0 1 3 1 0 0 0 1 3 1 0
1 3 3 3 3 2 3 1 1 1 3 5 3 1 1 1 3 5 3 1
1 3 3 3 2 3 3 2 1 1 3 3 3 2 3 2 3 3 3 1
1 3 3 3 3 3 2 3 3 1 3 3 3 3 3 3 3 3 3 1
1 1 3 3 3 3 3 3 3 1 2 3 1 3 3 3 1 3 2 1
0 1 3 3 3 3 3 3 3 1 3 3 3 3 3 3 3 3 3 1
0 1 3 3 4 3 3 3 3 1 2 3 4 3 5 3 4 3 2 1
0 1 3 3 4 4 4 3 3 1 3 3 3 4 3 4 3 3 3 1
1 2 3 3 1 4 4 4 3 1 1 3 3 3 3 3 3 3 1 0
1 3 3 1 1 1 1 1 3 3 3 1 1 1 1 1 1 1 0 0
1 1 3 1 1 3 3 1 1 1 3 3 3 3 3 3 3 1 1 0
0 1 3 3 1 1 3 5 1 1 1 1 2 3 1 3 2 3 1 1
0 1 1 3 5 1 1 1 1 0 0 1 1 5 1 1 1 3 5 1
0 0 1 1 1 1 0 0 0 0 0 0 1 1 1 0 1 1 1 1
</textarea><textarea id="pixelmap_72">
0 0 0 0 0 0 0 0 0 0 0 0 1 0 0 0 0 0 1 0 0
0 0 0 0 0 0 0 0 0 0 0 1 2 1 0 0 0 1 3 1 0
0 0 0 0 0 0 0 0 0 0 0 1 5 2 1 1 1 3 5 1 0
0 1 1 1 0 0 0 0 0 0 1 1 3 3 3 3 3 3 3 1 1
0 1 2 1 0 0 0 0 0 0 1 3 3 3 3 3 3 2 2 3 1
1 2 1 1 0 1 1 1 1 1 1 3 3 1 3 3 3 1 2 3 1
1 2 1 0 1 1 2 2 2 3 1 2 3 3 3 3 3 3 3 3 1
1 3 1 0 1 2 2 2 3 3 1 2 3 4 3 5 3 4 3 3 1
1 3 1 1 1 3 2 3 3 3 1 3 3 3 4 3 4 3 3 2 1
1 1 3 3 3 3 3 3 3 3 2 1 3 3 3 3 3 3 3 1 0
0 1 1 1 3 3 3 3 3 2 2 3 1 1 1 1 1 1 1 0 0
0 0 0 1 3 3 2 2 3 2 2 2 3 3 2 2 2 3 1 0 0
0 0 0 1 1 2 2 2 1 4 4 4 1 3 3 2 3 3 1 0 0
0 0 0 0 1 1 2 3 3 1 4 1 3 3 1 3 3 1 0 0 0
0 0 0 0 0 1 1 3 3 1 4 1 3 1 1 3 1 0 0 0 0
0 0 0 0 0 0 1 1 3 5 1 1 5 1 1 5 1 0 0 0 0
0 0 0 0 0 0 0 1 1 1 1 1 1 1 1 1 1 0 0 0 0
</textarea><textarea id="pixelmap_73">
0 0 0 0 0 0 0 0 0 0 1 0 0 0 0 0 1 0 0 0
0 0 0 0 0 0 0 0 0 1 2 1 0 0 0 1 3 1 0 0
0 0 0 0 0 0 0 0 0 1 5 2 1 1 1 3 5 1 0 0
0 0 0 0 1 1 1 1 1 1 3 3 3 3 3 3 3 1 1 0
0 1 1 1 1 3 3 1 1 3 3 3 3 3 3 2 2 3 1 0
0 1 2 2 2 3 3 3 1 3 3 1 3 3 3 1 2 3 1 0
1 1 2 2 3 3 3 3 1 2 3 3 3 3 3 3 3 3 1 0
1 3 3 3 3 3 3 3 1 2 3 4 3 5 3 4 3 3 1 0
1 3 3 3 3 1 2 3 1 3 3 3 4 3 4 3 3 2 1 1
1 3 3 1 1 2 2 3 3 1 3 3 3 3 3 3 3 1 1 1
1 1 3 3 1 3 4 4 1 1 1 1 1 1 1 1 1 2 2 1
0 1 1 3 3 1 1 1 1 2 1 3 3 5 1 5 2 2 1 1
0 0 1 1 3 3 2 2 2 2 1 1 1 1 1 1 1 1 1 0
0 0 0 1 1 1 1 1 1 1 1 0 0 0 0 0 0 0 0 0
</textarea><textarea id="pixelmap_74">
0 0 0 0 0 0 1 1 0 0 0 0 0 1 0 0 0
0 0 0 0 0 0 1 2 1 0 0 0 1 3 1 0 0
0 0 0 0 0 0 1 5 2 1 1 1 3 5 1 0 0
0 0 0 0 0 1 1 3 3 3 3 3 3 3 1 1 0
0 0 0 0 0 1 3 3 3 3 3 3 2 2 3 1 0
0 0 0 0 0 1 3 3 1 3 3 3 1 2 3 1 0
0 0 0 0 0 1 2 3 3 3 3 3 3 3 3 1 0
0 0 0 0 0 1 2 3 4 3 5 3 4 3 3 1 0
0 0 0 0 0 1 3 3 3 4 3 4 3 3 2 1 0
0 0 0 0 0 1 1 3 3 3 3 3 3 3 1 0 0
0 0 0 1 1 1 3 1 1 1 1 1 1 1 3 1 1
0 1 1 2 1 3 3 3 3 3 2 2 2 2 3 5 1
0 1 2 1 1 3 3 3 3 1 1 1 2 3 1 1 1
1 1 2 1 2 3 2 3 3 3 5 1 3 1 1 0 0
1 3 1 1 2 2 3 3 3 1 1 3 3 1 0 0 0
1 3 1 1 2 2 3 3 3 4 4 4 3 1 0 0 0
1 3 3 1 2 1 1 1 3 4 4 4 1 1 0 0 0
1 1 3 1 2 3 3 1 3 4 4 4 1 0 0 0 0
0 1 1 3 3 3 3 3 3 4 4 2 1 0 0 0 0
0 0 1 1 1 3 3 3 1 1 2 2 1 0 0 0 0
0 0 0 0 1 5 1 1 1 1 5 1 1 0 0 0 0
0 0 0 0 1 1 1 0 0 0 1 1 0 0 0 0 0
</textarea><textarea id="pixelmap_75">
0 0 0 0 1 1 1 1 1 1 0 0 0 0 0 0 0 0 0 0
0 0 1 1 1 2 2 2 2 1 0 0 0 0 0 0 0 0 0 0
0 0 1 3 3 2 1 1 2 1 0 0 0 0 0 0 0 0 0 0
0 0 1 3 1 1 0 0 1 1 0 0 0 0 0 0 0 0 0 0
0 1 1 3 1 0 0 0 0 0 0 0 0 0 0 0 0 0 0 0
0 1 3 3 1 0 0 0 0 0 0 0 0 0 0 0 0 0 0 0
0 1 1 1 1 1 1 0 0 0 1 1 0 0 0 0 1 1 0 0
1 1 3 2 2 2 1 1 0 0 1 2 1 0 0 0 1 3 1 0
1 3 3 3 2 2 2 1 1 1 2 5 2 1 1 1 3 5 3 1
1 3 3 3 2 2 2 2 1 1 3 3 3 3 3 3 3 3 3 1
1 3 3 3 3 2 2 3 3 1 3 3 3 3 3 3 2 2 3 1
1 1 2 3 3 3 3 3 3 1 3 3 1 3 3 3 1 2 3 1
0 1 2 2 3 3 3 3 3 1 2 3 3 3 3 3 3 3 3 1
0 1 2 2 4 3 3 3 3 1 2 3 4 3 5 3 4 3 3 1
0 1 2 3 4 4 4 3 3 1 3 3 3 4 3 4 3 3 2 1
1 2 2 3 1 4 4 4 3 1 1 3 3 3 3 3 3 3 1 0
1 3 3 1 1 1 1 1 3 3 3 1 1 1 1 1 1 1 0 0
1 1 3 1 1 3 3 1 1 1 3 3 3 2 2 2 2 1 1 0
0 1 3 3 1 1 3 5 1 1 1 1 3 3 1 2 3 3 1 1
0 1 1 3 5 1 1 1 1 0 0 1 1 5 1 1 1 3 5 1
0 0 1 1 1 1 0 0 0 0 0 0 1 1 1 0 1 1 1 1
</textarea><textarea id="pixelmap_76">
0 0 0 0 0 0 0 0 0 0 0 0 1 0 0 0 0 0 1 0 0
0 0 0 0 0 0 0 0 0 0 0 1 3 1 0 0 0 1 2 1 0
0 0 0 0 0 0 0 0 0 0 0 1 5 3 1 1 1 2 5 1 0
0 1 1 1 0 0 0 0 0 0 1 1 3 3 3 3 2 2 2 1 1
0 1 3 1 0 0 0 0 0 0 1 3 3 3 3 2 2 2 2 2 1
1 3 1 1 0 1 1 1 1 1 1 3 3 1 3 2 2 1 2 2 1
1 3 1 0 1 1 2 3 3 3 1 3 3 3 2 2 2 2 2 2 1
1 3 1 0 1 2 2 3 3 3 1 3 3 4 2 5 2 4 2 2 1
1 3 1 1 1 2 2 3 3 3 1 3 3 3 4 2 4 2 2 2 1
1 1 2 2 2 2 2 2 3 3 3 1 3 3 2 2 2 2 2 1 0
0 1 1 1 3 2 2 3 3 3 2 2 1 1 1 1 1 1 1 0 0
0 0 0 1 3 3 3 3 3 2 2 2 2 2 3 3 3 3 1 0 0
0 0 0 1 1 3 3 3 1 4 4 4 1 2 2 3 3 3 1 0 0
0 0 0 0 1 1 3 3 3 1 4 1 2 2 1 3 3 1 0 0 0
0 0 0 0 0 1 1 3 3 1 4 1 2 1 1 3 1 0 0 0 0
0 0 0 0 0 0 1 1 3 2 1 1 5 1 1 5 1 0 0 0 0
0 0 0 0 0 0 0 1 1 1 1 1 1 1 1 1 1 0 0 0 0
</textarea><textarea id="pixelmap_77">
0 0 0 0 0 0 0 0 0 0 1 0 0 0 0 0 1 0 0 0
0 0 0 0 0 0 0 0 0 1 3 1 0 0 0 1 2 1 0 0
0 0 0 0 0 0 0 0 0 1 5 3 1 1 1 2 5 1 0 0
0 0 0 0 1 1 1 1 1 1 3 3 3 3 2 2 2 1 1 0
0 1 1 1 1 3 3 1 1 3 3 3 3 2 2 2 2 2 1 0
0 1 3 3 3 3 3 3 1 3 3 1 3 2 2 1 2 2 1 0
1 1 2 2 3 3 3 3 1 3 3 3 2 2 2 2 2 2 1 0
1 2 2 2 3 3 3 3 1 3 3 4 2 5 2 4 2 2 1 0
1 2 2 2 2 1 3 3 1 3 3 3 4 2 4 2 2 2 1 1
1 2 2 1 1 3 3 3 3 1 3 3 2 2 2 2 2 1 1 1
1 1 2 2 1 3 4 4 1 1 1 1 1 1 1 1 1 3 3 1
0 1 1 2 3 1 1 1 1 3 1 2 2 2 1 5 3 3 1 1
0 0 1 1 3 3 3 3 3 3 1 1 1 1 1 1 1 1 1 0
0 0 0 1 1 1 1 1 1 1 1 0 0 0 0 0 0 0 0 0
</textarea><textarea id="pixelmap_78">
0 0 0 0 0 0 1 1 0 0 0 0 0 1 0 0 0
0 0 0 0 0 0 1 3 1 0 0 0 1 2 1 0 0
0 0 0 0 0 0 1 5 3 1 1 1 2 5 1 0 0
0 0 0 0 0 1 1 3 3 3 3 2 2 2 1 1 0
0 0 0 0 0 1 3 3 3 3 2 2 2 2 2 1 0
0 0 0 0 0 1 3 3 1 3 2 2 1 2 2 1 0
0 0 0 0 0 1 3 3 3 2 2 2 2 2 2 1 0
0 0 0 0 0 1 3 3 4 2 5 2 4 2 2 1 0
0 0 0 0 0 1 3 3 3 4 2 4 2 2 2 1 0
0 0 0 0 0 1 1 3 3 2 2 2 2 2 1 0 0
0 0 0 1 1 1 3 1 1 1 1 1 1 1 3 1 1
0 1 1 3 1 3 3 3 3 3 3 3 3 3 3 5 1
0 1 3 1 1 3 3 3 2 1 1 1 3 3 1 1 1
1 1 3 1 3 3 3 2 2 2 5 1 3 1 1 0 0
1 3 1 1 3 3 3 2 2 1 1 3 3 1 0 0 0
1 3 1 1 3 3 3 3 3 4 4 4 3 1 0 0 0
1 2 2 1 2 1 1 1 3 4 4 4 1 1 0 0 0
1 1 2 1 2 2 3 1 3 4 4 4 1 0 0 0 0
0 1 1 2 2 2 3 3 3 4 4 2 1 0 0 0 0
0 0 1 1 1 2 3 3 1 1 2 2 1 0 0 0 0
0 0 0 0 1 2 1 1 1 1 5 1 1 0 0 0 0
0 0 0 0 1 1 1 0 0 0 1 1 0 0 0 0 0
</textarea><textarea id="pixelmap_79">
0 0 0 0 1 1 1 1 1 1 0 0 0 0 0 0 0 0 0 0
0 0 1 1 1 3 3 3 3 1 0 0 0 0 0 0 0 0 0 0
0 0 1 3 3 3 1 1 3 1 0 0 0 0 0 0 0 0 0 0
0 0 1 2 1 1 0 0 1 1 0 0 0 0 0 0 0 0 0 0
0 1 1 2 1 0 0 0 0 0 0 0 0 0 0 0 0 0 0 0
0 1 2 2 1 0 0 0 0 0 0 0 0 0 0 0 0 0 0 0
0 1 1 1 1 1 1 0 0 0 1 1 0 0 0 0 1 1 0 0
1 1 2 2 2 2 1 1 0 0 1 3 1 0 0 0 1 2 1 0
1 3 2 2 2 3 3 1 1 1 3 5 3 1 1 1 2 5 2 1
1 3 3 3 3 3 3 3 1 1 3 3 3 3 3 2 2 2 2 1
1 3 3 3 3 3 3 3 3 1 3 3 3 3 2 2 2 2 2 1
1 1 3 3 3 3 3 3 3 1 3 3 1 3 2 2 1 2 2 1
0 1 3 3 3 3 3 3 3 1 3 3 3 2 2 2 2 2 2 1
0 1 3 3 4 3 2 2 2 1 3 3 4 2 5 2 4 2 2 1
0 1 3 3 4 4 4 2 2 1 3 3 3 4 2 4 2 2 2 1
1 3 3 3 1 4 4 4 2 1 1 3 3 2 2 2 2 2 1 0
1 3 2 1 1 1 1 1 2 2 2 1 1 1 1 1 1 1 0 0
1 1 2 1 1 3 3 1 1 1 2 2 2 2 3 3 3 1 1 0
0 1 2 2 1 1 3 5 1 1 1 1 2 2 1 3 3 3 1 1
0 1 1 2 2 1 1 1 1 0 0 1 1 5 1 1 1 3 5 1
0 0 1 1 1 1 0 0 0 0 0 0 1 1 1 0 1 1 1 1
</textarea><textarea id="pixelmap_80">
0 0 0 0 0 0 0 0 0 0 0 0 1 0 0 0 0 0 1 0 0
0 0 0 0 0 0 0 0 0 0 0 1 3 1 0 0 0 1 3 1 0
0 0 0 0 0 0 0 0 0 0 0 1 5 3 1 1 1 3 5 1 0
0 1 1 1 0 0 0 0 0 0 1 1 3 3 3 3 3 3 3 1 1
0 1 3 1 0 0 0 0 0 0 1 3 3 4 3 3 3 4 3 3 1
1 3 1 1 0 1 1 1 1 1 1 3 3 1 3 3 3 1 3 3 1
1 3 1 0 1 1 3 3 3 3 1 3 3 3 3 3 3 3 3 3 1
1 3 1 0 1 3 3 3 3 3 1 3 3 3 3 5 3 3 3 3 1
1 3 1 1 1 3 3 3 3 3 1 3 3 3 4 3 4 3 3 3 1
1 1 3 3 3 3 3 3 3 3 3 1 3 3 3 3 3 3 3 1 0
0 1 1 1 3 3 3 3 3 3 3 3 1 1 1 1 1 1 1 0 0
0 0 0 1 3 3 3 3 3 3 3 3 3 3 3 3 3 3 1 0 0
0 0 0 1 1 3 3 3 1 4 4 4 1 3 3 3 3 3 1 0 0
0 0 0 0 1 1 3 3 3 1 4 1 3 3 1 3 3 1 0 0 0
0 0 0 0 0 1 1 3 3 1 4 1 3 1 1 3 1 0 0 0 0
0 0 0 0 0 0 1 1 3 5 1 1 5 1 1 5 1 0 0 0 0
0 0 0 0 0 0 0 1 1 1 1 1 1 1 1 1 1 0 0 0 0
</textarea><textarea id="pixelmap_81">
0 0 0 0 0 0 0 0 0 0 1 0 0 0 0 0 1 0 0 0
0 0 0 0 0 0 0 0 0 1 3 1 0 0 0 1 3 1 0 0
0 0 0 0 0 0 0 0 0 1 5 3 1 1 1 3 5 1 0 0
0 0 0 0 1 1 1 1 1 1 3 3 3 3 3 3 3 1 1 0
0 1 1 1 1 3 3 1 1 3 3 4 3 3 3 4 3 3 1 0
0 1 3 3 3 3 3 3 1 3 3 1 3 3 3 1 3 3 1 0
1 1 3 3 3 3 3 3 1 3 3 3 3 3 3 3 3 3 1 0
1 3 3 3 3 3 3 3 1 3 3 3 3 5 3 3 3 3 1 0
1 3 3 3 3 1 3 3 1 3 3 3 4 3 4 3 3 3 1 1
1 3 3 1 1 3 3 3 3 1 3 3 3 3 3 3 3 1 1 1
1 1 3 3 1 3 4 4 1 1 1 1 1 1 1 1 1 3 3 1
0 1 1 3 3 1 1 1 1 3 1 3 3 5 1 5 3 3 1 1
0 0 1 1 3 3 3 3 3 3 1 1 1 1 1 1 1 1 1 0
0 0 0 1 1 1 1 1 1 1 1 0 0 0 0 0 0 0 0 0
</textarea><textarea id="pixelmap_82">
0 0 0 0 0 0 1 1 0 0 0 0 0 1 0 0 0
0 0 0 0 0 0 1 3 1 0 0 0 1 3 1 0 0
0 0 0 0 0 0 1 5 3 1 1 1 3 5 1 0 0
0 0 0 0 0 1 1 3 3 3 3 3 3 3 1 1 0
0 0 0 0 0 1 3 3 4 3 3 3 4 3 3 1 0
0 0 0 0 0 1 3 3 1 3 3 3 1 3 3 1 0
0 0 0 0 0 1 3 3 3 3 3 3 3 3 3 1 0
0 0 0 0 0 1 3 3 3 3 5 3 3 3 3 1 0
0 0 0 0 0 1 3 3 3 4 3 4 3 3 3 1 0
0 0 0 0 0 1 1 3 3 3 3 3 3 3 1 0 0
0 0 0 1 1 1 3 1 1 1 1 1 1 1 3 1 1
0 1 1 3 1 3 3 3 3 3 3 3 3 3 3 5 1
0 1 3 1 1 3 3 3 3 1 1 1 3 3 1 1 1
1 1 3 1 3 3 3 3 3 3 5 1 3 1 1 0 0
1 3 1 1 3 3 3 3 3 1 1 3 3 1 0 0 0
1 3 1 1 3 3 3 3 3 4 4 4 3 1 0 0 0
1 3 3 1 3 1 1 1 3 4 4 4 1 1 0 0 0
1 1 3 1 3 3 3 1 3 4 4 4 1 0 0 0 0
0 1 1 3 3 3 3 3 3 4 4 3 1 0 0 0 0
0 0 1 1 1 3 3 3 1 1 3 3 1 0 0 0 0
0 0 0 0 1 5 1 1 1 1 5 1 1 0 0 0 0
0 0 0 0 1 1 1 0 0 0 1 1 0 0 0 0 0
</textarea><textarea id="pixelmap_83">
0 0 0 0 1 1 1 1 1 1 0 0 0 0 0 0 0 0 0 0
0 0 1 1 1 3 3 3 3 1 0 0 0 0 0 0 0 0 0 0
0 0 1 3 3 3 1 1 3 1 0 0 0 0 0 0 0 0 0 0
0 0 1 3 1 1 0 0 1 1 0 0 0 0 0 0 0 0 0 0
0 1 1 3 1 0 0 0 0 0 0 0 0 0 0 0 0 0 0 0
0 1 3 3 1 0 0 0 0 0 0 0 0 0 0 0 0 0 0 0
0 1 1 1 1 1 1 0 0 0 1 1 0 0 0 0 1 1 0 0
1 1 3 3 3 3 1 1 0 0 1 3 1 0 0 0 1 3 1 0
1 3 3 3 3 3 3 1 1 1 3 5 3 1 1 1 3 5 3 1
1 3 3 3 3 3 3 3 1 1 3 3 3 3 3 3 3 3 3 1
1 3 3 3 3 3 3 3 3 1 3 3 4 3 3 3 4 3 3 1
1 1 3 3 3 3 3 3 3 1 3 3 1 3 3 3 1 3 3 1
0 1 3 3 3 3 3 3 3 1 3 3 3 3 3 3 3 3 3 1
0 1 3 3 4 3 3 3 3 1 3 3 3 3 5 3 3 3 3 1
0 1 3 3 4 4 4 3 3 1 3 3 3 4 3 4 3 3 3 1
1 3 3 3 1 4 4 4 3 1 1 3 3 3 3 3 3 3 1 0
1 3 3 1 1 1 1 1 3 3 3 1 1 1 1 1 1 1 0 0
1 1 3 1 1 3 3 1 1 1 3 3 3 3 3 3 3 1 1 0
0 1 3 3 1 1 3 5 1 1 1 1 3 3 1 3 3 3 1 1
0 1 1 3 5 1 1 1 1 0 0 1 1 5 1 1 1 3 5 1
0 0 1 1 1 1 0 0 0 0 0 0 1 1 1 0 1 1 1 1
</textarea><textarea id="pixelmap_84">
0 0 0 0 0 0 0 0 0 0 0 0 1 0 0 0 0 0 1 0 0
0 0 0 0 0 0 0 0 0 0 0 1 3 1 0 0 0 1 3 1 0
0 0 0 0 0 0 0 0 0 0 0 1 5 3 1 1 1 3 5 1 0
0 1 1 1 0 0 0 0 0 0 1 1 3 3 2 3 2 3 3 1 1
0 1 3 1 0 0 0 0 0 0 1 3 3 4 3 3 3 4 3 3 1
1 3 1 1 0 1 1 1 1 1 1 2 3 1 3 3 3 1 3 2 1
1 2 1 0 1 1 3 2 3 3 1 3 3 3 3 3 3 3 3 3 1
1 3 1 0 1 2 3 3 2 3 1 2 3 3 3 5 3 3 3 2 1
1 2 1 1 1 3 2 3 3 3 1 3 3 3 4 3 4 3 3 3 1
1 1 3 2 3 3 3 3 3 3 3 1 3 3 3 3 3 3 3 1 0
0 1 1 1 2 3 3 3 3 3 3 3 1 1 1 1 1 1 1 0 0
0 0 0 1 3 3 3 3 3 3 3 3 3 3 3 3 3 3 1 0 0
0 0 0 1 1 3 3 3 1 4 4 4 1 3 3 3 3 2 1 0 0
0 0 0 0 1 1 3 3 3 1 4 1 2 3 1 3 3 1 0 0 0
0 0 0 0 0 1 1 3 3 1 4 1 3 1 1 3 1 0 0 0 0
0 0 0 0 0 0 1 1 3 5 1 1 5 1 1 5 1 0 0 0 0
0 0 0 0 0 0 0 1 1 1 1 1 1 1 1 1 1 0 0 0 0
</textarea><textarea id="pixelmap_85">
0 0 0 0 0 0 0 0 0 0 1 0 0 0 0 0 1 0 0 0
0 0 0 0 0 0 0 0 0 1 3 1 0 0 0 1 3 1 0 0
0 0 0 0 0 0 0 0 0 1 5 3 1 1 1 3 5 1 0 0
0 0 0 0 1 1 1 1 1 1 3 3 2 3 2 3 3 1 1 0
0 1 1 1 1 3 3 1 1 3 3 4 3 3 3 4 3 3 1 0
0 1 2 3 3 2 3 3 1 2 3 1 3 3 3 1 3 2 1 0
1 1 3 2 3 3 2 3 1 3 3 3 3 3 3 3 3 3 1 0
1 3 3 3 3 3 3 3 1 2 3 3 3 5 3 3 3 2 1 0
1 2 3 3 3 1 3 3 1 3 3 3 4 3 4 3 3 3 1 1
1 3 3 1 1 3 3 3 3 1 3 3 3 3 3 3 3 1 1 1
1 1 3 3 1 3 4 4 1 1 1 1 1 1 1 1 1 2 3 1
0 1 1 2 3 1 1 1 1 3 1 2 3 5 1 5 3 3 1 1
0 0 1 1 2 3 2 3 2 3 1 1 1 1 1 1 1 1 1 0
0 0 0 1 1 1 1 1 1 1 1 0 0 0 0 0 0 0 0 0
</textarea><textarea id="pixelmap_86">
0 0 0 0 0 0 1 1 0 0 0 0 0 1 0 0 0
0 0 0 0 0 0 1 3 1 0 0 0 1 3 1 0 0
0 0 0 0 0 0 1 5 3 1 1 1 3 5 1 0 0
0 0 0 0 0 1 1 3 3 2 3 2 3 3 1 1 0
0 0 0 0 0 1 3 3 4 3 3 3 4 3 3 1 0
0 0 0 0 0 1 2 3 1 3 3 3 1 3 2 1 0
0 0 0 0 0 1 3 3 3 3 3 3 3 3 3 1 0
0 0 0 0 0 1 2 3 3 3 5 3 3 3 2 1 0
0 0 0 0 0 1 3 3 3 4 3 4 3 3 3 1 0
0 0 0 0 0 1 1 3 3 3 3 3 3 3 1 0 0
0 0 0 1 1 1 3 1 1 1 1 1 1 1 3 1 1
0 1 1 3 1 2 3 3 3 3 3 3 3 2 3 5 1
0 1 2 1 1 3 2 3 3 1 1 1 2 3 1 1 1
1 1 3 1 2 3 3 3 3 3 5 1 3 1 1 0 0
1 2 1 1 3 2 3 3 3 1 1 3 3 1 0 0 0
1 3 1 1 3 3 3 3 3 4 4 4 3 1 0 0 0
1 2 3 1 3 1 1 1 3 4 4 4 1 1 0 0 0
1 1 2 1 3 3 3 1 3 4 4 4 1 0 0 0 0
0 1 1 3 3 3 3 3 3 4 4 2 1 0 0 0 0
0 0 1 1 1 3 3 3 1 1 3 3 1 0 0 0 0
0 0 0 0 1 5 1 1 1 1 5 1 1 0 0 0 0
0 0 0 0 1 1 1 0 0 0 1 1 0 0 0 0 0
</textarea><textarea id="pixelmap_87">
0 0 0 0 1 1 1 1 1 1 0 0 0 0 0 0 0 0 0 0
0 0 1 1 1 2 3 2 3 1 0 0 0 0 0 0 0 0 0 0
0 0 1 2 3 2 1 1 3 1 0 0 0 0 0 0 0 0 0 0
0 0 1 3 1 1 0 0 1 1 0 0 0 0 0 0 0 0 0 0
0 1 1 2 1 0 0 0 0 0 0 0 0 0 0 0 0 0 0 0
0 1 3 3 1 0 0 0 0 0 0 0 0 0 0 0 0 0 0 0
0 1 1 1 1 1 1 0 0 0 1 1 0 0 0 0 1 1 0 0
1 1 3 3 3 3 1 1 0 0 1 3 1 0 0 0 1 3 1 0
1 3 3 3 3 2 3 1 1 1 3 5 3 1 1 1 3 5 3 1
1 3 3 3 2 3 3 2 1 1 3 3 3 2 3 2 3 3 3 1
1 3 3 3 3 3 2 3 3 1 3 3 4 3 3 3 4 3 3 1
1 1 3 3 3 3 3 3 3 1 2 3 1 3 3 3 1 3 2 1
0 1 3 3 3 3 3 3 3 1 3 3 3 3 3 3 3 3 3 1
0 1 3 3 4 3 3 3 3 1 2 3 3 3 5 3 3 3 2 1
0 1 3 3 4 4 4 3 3 1 3 3 3 4 3 4 3 3 3 1
1 2 3 3 1 4 4 4 3 1 1 3 3 3 3 3 3 3 1 0
1 3 3 1 1 1 1 1 3 3 3 1 1 1 1 1 1 1 0 0
1 1 3 1 1 3 3 1 1 1 3 3 3 3 3 3 3 1 1 0
0 1 3 3 1 1 3 5 1 1 1 1 2 3 1 3 2 3 1 1
0 1 1 3 5 1 1 1 1 0 0 1 1 5 1 1 1 3 5 1
0 0 1 1 1 1 0 0 0 0 0 0 1 1 1 0 1 1 1 1
</textarea><textarea id="pixelmap_88">
0 0 0 0 0 0 0 0 0 0 0 0 1 0 0 0 0 0 1 0 0
0 0 0 0 0 0 0 0 0 0 0 1 2 1 0 0 0 1 3 1 0
0 0 0 0 0 0 0 0 0 0 0 1 5 2 1 1 1 3 5 1 0
0 1 1 1 0 0 0 0 0 0 1 1 3 3 3 3 3 3 3 1 1
0 1 2 1 0 0 0 0 0 0 1 3 3 4 3 3 3 2 2 3 1
1 2 1 1 0 1 1 1 1 1 1 3 3 1 3 3 3 1 2 3 1
1 2 1 0 1 1 2 2 2 3 1 2 3 3 3 3 3 3 3 3 1
1 3 1 0 1 2 2 2 3 3 1 2 3 3 3 5 3 3 3 3 1
1 3 1 1 1 3 2 3 3 3 1 3 3 3 4 3 4 3 3 2 1
1 1 3 3 3 3 3 3 3 3 2 1 3 3 3 3 3 3 3 1 0
0 1 1 1 3 3 3 3 3 2 2 3 1 1 1 1 1 1 1 0 0
0 0 0 1 3 3 2 2 3 2 2 2 3 3 2 2 2 3 1 0 0
0 0 0 1 1 2 2 2 1 4 4 4 1 3 3 2 3 3 1 0 0
0 0 0 0 1 1 2 3 3 1 4 1 3 3 1 3 3 1 0 0 0
0 0 0 0 0 1 1 3 3 1 4 1 3 1 1 3 1 0 0 0 0
0 0 0 0 0 0 1 1 3 5 1 1 5 1 1 5 1 0 0 0 0
0 0 0 0 0 0 0 1 1 1 1 1 1 1 1 1 1 0 0 0 0
</textarea><textarea id="pixelmap_89">
0 0 0 0 0 0 0 0 0 0 1 0 0 0 0 0 1 0 0 0
0 0 0 0 0 0 0 0 0 1 2 1 0 0 0 1 3 1 0 0
0 0 0 0 0 0 0 0 0 1 5 2 1 1 1 3 5 1 0 0
0 0 0 0 1 1 1 1 1 1 3 3 3 3 3 3 3 1 1 0
0 1 1 1 1 3 3 1 1 3 3 4 3 3 3 2 2 3 1 0
0 1 2 2 2 3 3 3 1 3 3 1 3 3 3 1 2 3 1 0
1 1 2 2 3 3 3 3 1 2 3 3 3 3 3 3 3 3 1 0
1 3 3 3 3 3 3 3 1 2 3 3 3 5 3 3 3 3 1 0
1 3 3 3 3 1 2 3 1 3 3 3 4 3 4 3 3 2 1 1
1 3 3 1 1 2 2 3 3 1 3 3 3 3 3 3 3 1 1 1
1 1 3 3 1 3 4 4 1 1 1 1 1 1 1 1 1 2 2 1
0 1 1 3 3 1 1 1 1 2 1 3 3 5 1 5 2 2 1 1
0 0 1 1 3 3 2 2 2 2 1 1 1 1 1 1 1 1 1 0
0 0 0 1 1 1 1 1 1 1 1 0 0 0 0 0 0 0 0 0
</textarea><textarea id="pixelmap_90">
0 0 0 0 0 0 1 1 0 0 0 0 0 1 0 0 0
0 0 0 0 0 0 1 2 1 0 0 0 1 3 1 0 0
0 0 0 0 0 0 1 5 2 1 1 1 3 5 1 0 0
0 0 0 0 0 1 1 3 3 3 3 3 3 3 1 1 0
0 0 0 0 0 1 3 3 4 3 3 3 2 2 3 1 0
0 0 0 0 0 1 3 3 1 3 3 3 1 2 3 1 0
0 0 0 0 0 1 2 3 3 3 3 3 3 3 3 1 0
0 0 0 0 0 1 2 3 3 3 5 3 3 3 3 1 0
0 0 0 0 0 1 3 3 3 4 3 4 3 3 2 1 0
0 0 0 0 0 1 1 3 3 3 3 3 3 3 1 0 0
0 0 0 1 1 1 3 1 1 1 1 1 1 1 3 1 1
0 1 1 2 1 3 3 3 3 3 2 2 2 2 3 5 1
0 1 2 1 1 3 3 3 3 1 1 1 2 3 1 1 1
1 1 2 1 2 3 2 3 3 3 5 1 3 1 1 0 0
1 3 1 1 2 2 3 3 3 1 1 3 3 1 0 0 0
1 3 1 1 2 2 3 3 3 4 4 4 3 1 0 0 0
1 3 3 1 2 1 1 1 3 4 4 4 1 1 0 0 0
1 1 3 1 2 3 3 1 3 4 4 4 1 0 0 0 0
0 1 1 3 3 3 3 3 3 4 4 2 1 0 0 0 0
0 0 1 1 1 3 3 3 1 1 2 2 1 0 0 0 0
0 0 0 0 1 5 1 1 1 1 5 1 1 0 0 0 0
0 0 0 0 1 1 1 0 0 0 1 1 0 0 0 0 0
</textarea><textarea id="pixelmap_91">
0 0 0 0 1 1 1 1 1 1 0 0 0 0 0 0 0 0 0 0
0 0 1 1 1 2 2 2 2 1 0 0 0 0 0 0 0 0 0 0
0 0 1 3 3 2 1 1 2 1 0 0 0 0 0 0 0 0 0 0
0 0 1 3 1 1 0 0 1 1 0 0 0 0 0 0 0 0 0 0
0 1 1 3 1 0 0 0 0 0 0 0 0 0 0 0 0 0 0 0
0 1 3 3 1 0 0 0 0 0 0 0 0 0 0 0 0 0 0 0
0 1 1 1 1 1 1 0 0 0 1 1 0 0 0 0 1 1 0 0
1 1 3 2 2 2 1 1 0 0 1 2 1 0 0 0 1 3 1 0
1 3 3 3 2 2 2 1 1 1 2 5 2 1 1 1 3 5 3 1
1 3 3 3 2 2 2 2 1 1 3 3 3 3 3 3 3 3 3 1
1 3 3 3 3 2 2 3 3 1 3 3 4 3 3 3 2 2 3 1
1 1 2 3 3 3 3 3 3 1 3 3 1 3 3 3 1 2 3 1
0 1 2 2 3 3 3 3 3 1 2 3 3 3 3 3 3 3 3 1
0 1 2 2 4 3 3 3 3 1 2 3 3 3 5 3 3 3 3 1
0 1 2 3 4 4 4 3 3 1 3 3 3 4 3 4 3 3 2 1
1 2 2 3 1 4 4 4 3 1 1 3 3 3 3 3 3 3 1 0
1 3 3 1 1 1 1 1 3 3 3 1 1 1 1 1 1 1 0 0
1 1 3 1 1 3 3 1 1 1 3 3 3 2 2 2 2 1 1 0
0 1 3 3 1 1 3 5 1 1 1 1 3 3 1 2 3 3 1 1
0 1 1 3 5 1 1 1 1 0 0 1 1 5 1 1 1 3 5 1
0 0 1 1 1 1 0 0 0 0 0 0 1 1 1 0 1 1 1 1
</textarea><textarea id="pixelmap_92">
0 0 0 0 0 0 0 0 0 0 0 0 1 0 0 0 0 0 1 0 0
0 0 0 0 0 0 0 0 0 0 0 1 3 1 0 0 0 1 2 1 0
0 0 0 0 0 0 0 0 0 0 0 1 5 3 1 1 1 2 5 1 0
0 1 1 1 0 0 0 0 0 0 1 1 3 3 3 3 2 2 2 1 1
0 1 3 1 0 0 0 0 0 0 1 3 3 4 3 2 2 4 2 2 1
1 3 1 1 0 1 1 1 1 1 1 3 3 1 3 2 2 1 2 2 1
1 3 1 0 1 1 2 3 3 3 1 3 3 3 2 2 2 2 2 2 1
1 3 1 0 1 2 2 3 3 3 1 3 3 3 2 5 2 2 2 2 1
1 3 1 1 1 2 2 3 3 3 1 3 3 3 4 2 4 2 2 2 1
1 1 2 2 2 2 2 2 3 3 3 1 3 3 2 2 2 2 2 1 0
0 1 1 1 3 2 2 3 3 3 2 2 1 1 1 1 1 1 1 0 0
0 0 0 1 3 3 3 3 3 2 2 2 2 2 3 3 3 3 1 0 0
0 0 0 1 1 3 3 3 1 4 4 4 1 2 2 3 3 3 1 0 0
0 0 0 0 1 1 3 3 3 1 4 1 2 2 1 3 3 1 0 0 0
0 0 0 0 0 1 1 3 3 1 4 1 2 1 1 3 1 0 0 0 0
0 0 0 0 0 0 1 1 3 2 1 1 5 1 1 5 1 0 0 0 0
0 0 0 0 0 0 0 1 1 1 1 1 1 1 1 1 1 0 0 0 0
</textarea><textarea id="pixelmap_93">
0 0 0 0 0 0 0 0 0 0 1 0 0 0 0 0 1 0 0 0
0 0 0 0 0 0 0 0 0 1 3 1 0 0 0 1 2 1 0 0
0 0 0 0 0 0 0 0 0 1 5 3 1 1 1 2 5 1 0 0
0 0 0 0 1 1 1 1 1 1 3 3 3 3 2 2 2 1 1 0
0 1 1 1 1 3 3 1 1 3 3 4 3 2 2 4 2 2 1 0
0 1 3 3 3 3 3 3 1 3 3 1 3 2 2 1 2 2 1 0
1 1 2 2 3 3 3 3 1 3 3 3 2 2 2 2 2 2 1 0
1 2 2 2 3 3 3 3 1 3 3 3 2 5 2 2 2 2 1 0
1 2 2 2 2 1 3 3 1 3 3 3 4 2 4 2 2 2 1 1
1 2 2 1 1 3 3 3 3 1 3 3 2 2 2 2 2 1 1 1
1 1 2 2 1 3 4 4 1 1 1 1 1 1 1 1 1 3 3 1
0 1 1 2 3 1 1 1 1 3 1 2 2 2 1 5 3 3 1 1
0 0 1 1 3 3 3 3 3 3 1 1 1 1 1 1 1 1 1 0
0 0 0 1 1 1 1 1 1 1 1 0 0 0 0 0 0 0 0 0
</textarea><textarea id="pixelmap_94">
0 0 0 0 0 0 1 1 0 0 0 0 0 1 0 0 0
0 0 0 0 0 0 1 3 1 0 0 0 1 2 1 0 0
0 0 0 0 0 0 1 5 3 1 1 1 2 5 1 0 0
0 0 0 0 0 1 1 3 3 3 3 2 2 2 1 1 0
0 0 0 0 0 1 3 3 4 3 2 2 4 2 2 1 0
0 0 0 0 0 1 3 3 1 3 2 2 1 2 2 1 0
0 0 0 0 0 1 3 3 3 2 2 2 2 2 2 1 0
0 0 0 0 0 1 3 3 3 2 5 2 2 2 2 1 0
0 0 0 0 0 1 3 3 3 4 2 4 2 2 2 1 0
0 0 0 0 0 1 1 3 3 2 2 2 2 2 1 0 0
0 0 0 1 1 1 3 1 1 1 1 1 1 1 3 1 1
0 1 1 3 1 3 3 3 3 3 3 3 3 3 3 5 1
0 1 3 1 1 3 3 3 2 1 1 1 3 3 1 1 1
1 1 3 1 3 3 3 2 2 2 5 1 3 1 1 0 0
1 3 1 1 3 3 3 2 2 1 1 3 3 1 0 0 0
1 3 1 1 3 3 3 3 3 4 4 4 3 1 0 0 0
1 2 2 1 2 1 1 1 3 4 4 4 1 1 0 0 0
1 1 2 1 2 2 3 1 3 4 4 4 1 0 0 0 0
0 1 1 2 2 2 3 3 3 4 4 2 1 0 0 0 0
0 0 1 1 1 2 3 3 1 1 2 2 1 0 0 0 0
0 0 0 0 1 2 1 1 1 1 5 1 1 0 0 0 0
0 0 0 0 1 1 1 0 0 0 1 1 0 0 0 0 0
</textarea><textarea id="pixelmap_95">
0 0 0 0 1 1 1 1 1 1 0 0 0 0 0 0 0 0 0 0
0 0 1 1 1 3 3 3 3 1 0 0 0 0 0 0 0 0 0 0
0 0 1 3 3 3 1 1 3 1 0 0 0 0 0 0 0 0 0 0
0 0 1 2 1 1 0 0 1 1 0 0 0 0 0 0 0 0 0 0
0 1 1 2 1 0 0 0 0 0 0 0 0 0 0 0 0 0 0 0
0 1 2 2 1 0 0 0 0 0 0 0 0 0 0 0 0 0 0 0
0 1 1 1 1 1 1 0 0 0 1 1 0 0 0 0 1 1 0 0
1 1 2 2 2 2 1 1 0 0 1 3 1 0 0 0 1 2 1 0
1 3 2 2 2 3 3 1 1 1 3 5 3 1 1 1 2 5 2 1
1 3 3 3 3 3 3 3 1 1 3 3 3 3 3 2 2 2 2 1
1 3 3 3 3 3 3 3 3 1 3 3 4 3 2 2 4 2 2 1
1 1 3 3 3 3 3 3 3 1 3 3 1 3 2 2 1 2 2 1
0 1 3 3 3 3 3 3 3 1 3 3 3 2 2 2 2 2 2 1
0 1 3 3 4 3 2 2 2 1 3 3 3 2 5 2 2 2 2 1
0 1 3 3 4 4 4 2 2 1 3 3 3 4 2 4 2 2 2 1
1 3 3 3 1 4 4 4 2 1 1 3 3 2 2 2 2 2 1 0
1 3 2 1 1 1 1 1 2 2 2 1 1 1 1 1 1 1 0 0
1 1 2 1 1 3 3 1 1 1 2 2 2 2 3 3 3 1 1 0
0 1 2 2 1 1 3 5 1 1 1 1 2 2 1 3 3 3 1 1
0 1 1 2 2 1 1 1 1 0 0 1 1 5 1 1 1 3 5 1
0 0 1 1 1 1 0 0 0 0 0 0 1 1 1 0 1 1 1 1
</textarea><textarea id="pixelmap_96">
0 0 0 0 0 0 0 0 0 0 0 0 1 0 0 0 0 0 1 0 0
0 0 0 0 0 0 0 0 0 0 0 1 3 1 0 0 0 1 3 1 0
0 0 0 0 0 0 0 0 0 0 0 1 5 3 1 1 1 3 5 1 0
0 1 1 1 0 0 0 0 0 0 1 1 3 3 3 3 3 3 3 1 1
0 1 3 1 0 0 0 0 0 0 1 3 3 3 3 3 3 3 3 3 1
1 3 1 1 0 1 1 1 1 1 1 3 3 1 3 3 3 1 3 3 1
1 3 1 0 1 1 3 3 3 3 1 3 3 4 3 3 3 4 3 3 1
1 3 1 0 1 3 3 3 3 3 1 3 3 3 3 5 3 3 3 3 1
1 3 1 1 1 3 3 3 3 3 1 3 3 3 4 3 4 3 3 3 1
1 1 3 3 3 3 3 3 3 3 3 1 3 3 3 3 3 3 3 1 0
0 1 1 1 3 3 3 3 3 3 3 3 1 1 1 1 1 1 1 0 0
0 0 0 1 3 3 3 3 3 3 3 3 3 3 3 3 3 3 1 0 0
0 0 0 1 1 3 3 3 1 4 4 4 1 3 3 3 3 3 1 0 0
0 0 0 0 1 1 3 3 3 1 4 1 3 3 1 3 3 1 0 0 0
0 0 0 0 0 1 1 3 3 1 4 1 3 1 1 3 1 0 0 0 0
0 0 0 0 0 0 1 1 3 5 1 1 5 1 1 5 1 0 0 0 0
0 0 0 0 0 0 0 1 1 1 1 1 1 1 1 1 1 0 0 0 0
</textarea><textarea id="pixelmap_97">
0 0 0 0 0 0 0 0 0 0 1 0 0 0 0 0 1 0 0 0
0 0 0 0 0 0 0 0 0 1 3 1 0 0 0 1 3 1 0 0
0 0 0 0 0 0 0 0 0 1 5 3 1 1 1 3 5 1 0 0
0 0 0 0 1 1 1 1 1 1 3 3 3 3 3 3 3 1 1 0
0 1 1 1 1 3 3 1 1 3 3 3 3 3 3 3 3 3 1 0
0 1 3 3 3 3 3 3 1 3 3 1 3 3 3 1 3 3 1 0
1 1 3 3 3 3 3 3 1 3 3 4 3 3 3 4 3 3 1 0
1 3 3 3 3 3 3 3 1 3 3 3 3 5 3 3 3 3 1 0
1 3 3 3 3 1 3 3 1 3 3 3 4 3 4 3 3 3 1 1
1 3 3 1 1 3 3 3 3 1 3 3 3 3 3 3 3 1 1 1
1 1 3 3 1 3 4 4 1 1 1 1 1 1 1 1 1 3 3 1
0 1 1 3 3 1 1 1 1 3 1 3 3 5 1 5 3 3 1 1
0 0 1 1 3 3 3 3 3 3 1 1 1 1 1 1 1 1 1 0
0 0 0 1 1 1 1 1 1 1 1 0 0 0 0 0 0 0 0 0
</textarea><textarea id="pixelmap_98">
0 0 0 0 0 0 1 1 0 0 0 0 0 1 0 0 0
0 0 0 0 0 0 1 3 1 0 0 0 1 3 1 0 0
0 0 0 0 0 0 1 5 3 1 1 1 3 5 1 0 0
0 0 0 0 0 1 1 3 3 3 3 3 3 3 1 1 0
0 0 0 0 0 1 3 3 3 3 3 3 3 3 3 1 0
0 0 0 0 0 1 3 3 1 3 3 3 1 3 3 1 0
0 0 0 0 0 1 3 3 4 3 3 3 4 3 3 1 0
0 0 0 0 0 1 3 3 3 3 5 3 3 3 3 1 0
0 0 0 0 0 1 3 3 3 4 3 4 3 3 3 1 0
0 0 0 0 0 1 1 3 3 3 3 3 3 3 1 0 0
0 0 0 1 1 1 3 1 1 1 1 1 1 1 3 1 1
0 1 1 3 1 3 3 3 3 3 3 3 3 3 3 5 1
0 1 3 1 1 3 3 3 3 1 1 1 3 3 1 1 1
1 1 3 1 3 3 3 3 3 3 5 1 3 1 1 0 0
1 3 1 1 3 3 3 3 3 1 1 3 3 1 0 0 0
1 3 1 1 3 3 3 3 3 4 4 4 3 1 0 0 0
1 3 3 1 3 1 1 1 3 4 4 4 1 1 0 0 0
1 1 3 1 3 3 3 1 3 4 4 4 1 0 0 0 0
0 1 1 3 3 3 3 3 3 4 4 3 1 0 0 0 0
0 0 1 1 1 3 3 3 1 1 3 3 1 0 0 0 0
0 0 0 0 1 5 1 1 1 1 5 1 1 0 0 0 0
0 0 0 0 1 1 1 0 0 0 1 1 0 0 0 0 0
</textarea><textarea id="pixelmap_99">
0 0 0 0 1 1 1 1 1 1 0 0 0 0 0 0 0 0 0 0
0 0 1 1 1 3 3 3 3 1 0 0 0 0 0 0 0 0 0 0
0 0 1 3 3 3 1 1 3 1 0 0 0 0 0 0 0 0 0 0
0 0 1 3 1 1 0 0 1 1 0 0 0 0 0 0 0 0 0 0
0 1 1 3 1 0 0 0 0 0 0 0 0 0 0 0 0 0 0 0
0 1 3 3 1 0 0 0 0 0 0 0 0 0 0 0 0 0 0 0
0 1 1 1 1 1 1 0 0 0 1 1 0 0 0 0 1 1 0 0
1 1 3 3 3 3 1 1 0 0 1 3 1 0 0 0 1 3 1 0
1 3 3 3 3 3 3 1 1 1 3 5 3 1 1 1 3 5 3 1
1 3 3 3 3 3 3 3 1 1 3 3 3 3 3 3 3 3 3 1
1 3 3 3 3 3 3 3 3 1 3 3 3 3 3 3 3 3 3 1
1 1 3 3 3 3 3 3 3 1 3 3 1 3 3 3 1 3 3 1
0 1 3 3 3 3 3 3 3 1 3 3 4 3 3 3 4 3 3 1
0 1 3 3 4 3 3 3 3 1 3 3 3 3 5 3 3 3 3 1
0 1 3 3 4 4 4 3 3 1 3 3 3 4 3 4 3 3 3 1
1 3 3 3 1 4 4 4 3 1 1 3 3 3 3 3 3 3 1 0
1 3 3 1 1 1 1 1 3 3 3 1 1 1 1 1 1 1 0 0
1 1 3 1 1 3 3 1 1 1 3 3 3 3 3 3 3 1 1 0
0 1 3 3 1 1 3 5 1 1 1 1 3 3 1 3 3 3 1 1
0 1 1 3 5 1 1 1 1 0 0 1 1 5 1 1 1 3 5 1
0 0 1 1 1 1 0 0 0 0 0 0 1 1 1 0 1 1 1 1
</textarea><textarea id="pixelmap_100">
0 0 0 0 0 0 0 0 0 0 0 0 1 0 0 0 0 0 1 0 0
0 0 0 0 0 0 0 0 0 0 0 1 3 1 0 0 0 1 3 1 0
0 0 0 0 0 0 0 0 0 0 0 1 5 3 1 1 1 3 5 1 0
0 1 1 1 0 0 0 0 0 0 1 1 3 3 2 3 2 3 3 1 1
0 1 3 1 0 0 0 0 0 0 1 3 3 3 3 3 3 3 3 3 1
1 3 1 1 0 1 1 1 1 1 1 2 3 1 3 3 3 1 3 2 1
1 2 1 0 1 1 3 2 3 3 1 3 3 4 3 3 3 4 3 3 1
1 3 1 0 1 2 3 3 2 3 1 2 3 3 3 5 3 3 3 2 1
1 2 1 1 1 3 2 3 3 3 1 3 3 3 4 3 4 3 3 3 1
1 1 3 2 3 3 3 3 3 3 3 1 3 3 3 3 3 3 3 1 0
0 1 1 1 2 3 3 3 3 3 3 3 1 1 1 1 1 1 1 0 0
0 0 0 1 3 3 3 3 3 3 3 3 3 3 3 3 3 3 1 0 0
0 0 0 1 1 3 3 3 1 4 4 4 1 3 3 3 3 2 1 0 0
0 0 0 0 1 1 3 3 3 1 4 1 2 3 1 3 3 1 0 0 0
0 0 0 0 0 1 1 3 3 1 4 1 3 1 1 3 1 0 0 0 0
0 0 0 0 0 0 1 1 3 5 1 1 5 1 1 5 1 0 0 0 0
0 0 0 0 0 0 0 1 1 1 1 1 1 1 1 1 1 0 0 0 0
</textarea><textarea id="pixelmap_101">
0 0 0 0 0 0 0 0 0 0 1 0 0 0 0 0 1 0 0 0
0 0 0 0 0 0 0 0 0 1 3 1 0 0 0 1 3 1 0 0
0 0 0 0 0 0 0 0 0 1 5 3 1 1 1 3 5 1 0 0
0 0 0 0 1 1 1 1 1 1 3 3 2 3 2 3 3 1 1 0
0 1 1 1 1 3 3 1 1 3 3 3 3 3 3 3 3 3 1 0
0 1 2 3 3 2 3 3 1 2 3 1 3 3 3 1 3 2 1 0
1 1 3 2 3 3 2 3 1 3 3 4 3 3 3 4 3 3 1 0
1 3 3 3 3 3 3 3 1 2 3 3 3 5 3 3 3 2 1 0
1 2 3 3 3 1 3 3 1 3 3 3 4 3 4 3 3 3 1 1
1 3 3 1 1 3 3 3 3 1 3 3 3 3 3 3 3 1 1 1
1 1 3 3 1 3 4 4 1 1 1 1 1 1 1 1 1 2 3 1
0 1 1 2 3 1 1 1 1 3 1 2 3 5 1 5 3 3 1 1
0 0 1 1 2 3 2 3 2 3 1 1 1 1 1 1 1 1 1 0
0 0 0 1 1 1 1 1 1 1 1 0 0 0 0 0 0 0 0 0
</textarea><textarea id="pixelmap_102">
0 0 0 0 0 0 1 1 0 0 0 0 0 1 0 0 0
0 0 0 0 0 0 1 3 1 0 0 0 1 3 1 0 0
0 0 0 0 0 0 1 5 3 1 1 1 3 5 1 0 0
0 0 0 0 0 1 1 3 3 2 3 2 3 3 1 1 0
0 0 0 0 0 1 3 3 3 3 3 3 3 3 3 1 0
0 0 0 0 0 1 2 3 1 3 3 3 1 3 2 1 0
0 0 0 0 0 1 3 3 4 3 3 3 4 3 3 1 0
0 0 0 0 0 1 2 3 3 3 5 3 3 3 2 1 0
0 0 0 0 0 1 3 3 3 4 3 4 3 3 3 1 0
0 0 0 0 0 1 1 3 3 3 3 3 3 3 1 0 0
0 0 0 1 1 1 3 1 1 1 1 1 1 1 3 1 1
0 1 1 3 1 2 3 3 3 3 3 3 3 2 3 5 1
0 1 2 1 1 3 2 3 3 1 1 1 2 3 1 1 1
1 1 3 1 2 3 3 3 3 3 5 1 3 1 1 0 0
1 2 1 1 3 2 3 3 3 1 1 3 3 1 0 0 0
1 3 1 1 3 3 3 3 3 4 4 4 3 1 0 0 0
1 2 3 1 3 1 1 1 3 4 4 4 1 1 0 0 0
1 1 2 1 3 3 3 1 3 4 4 4 1 0 0 0 0
0 1 1 3 3 3 3 3 3 4 4 2 1 0 0 0 0
0 0 1 1 1 3 3 3 1 1 3 3 1 0 0 0 0
0 0 0 0 1 5 1 1 1 1 5 1 1 0 0 0 0
0 0 0 0 1 1 1 0 0 0 1 1 0 0 0 0 0
</textarea><textarea id="pixelmap_103">
0 0 0 0 1 1 1 1 1 1 0 0 0 0 0 0 0 0 0 0
0 0 1 1 1 2 3 2 3 1 0 0 0 0 0 0 0 0 0 0
0 0 1 2 3 2 1 1 3 1 0 0 0 0 0 0 0 0 0 0
0 0 1 3 1 1 0 0 1 1 0 0 0 0 0 0 0 0 0 0
0 1 1 2 1 0 0 0 0 0 0 0 0 0 0 0 0 0 0 0
0 1 3 3 1 0 0 0 0 0 0 0 0 0 0 0 0 0 0 0
0 1 1 1 1 1 1 0 0 0 1 1 0 0 0 0 1 1 0 0
1 1 3 3 3 3 1 1 0 0 1 3 1 0 0 0 1 3 1 0
1 3 3 3 3 2 3 1 1 1 3 5 3 1 1 1 3 5 3 1
1 3 3 3 2 3 3 2 1 1 3 3 3 2 3 2 3 3 3 1
1 3 3 3 3 3 2 3 3 1 3 3 3 3 3 3 3 3 3 1
1 1 3 3 3 3 3 3 3 1 2 3 1 3 3 3 1 3 2 1
0 1 3 3 3 3 3 3 3 1 3 3 4 3 3 3 4 3 3 1
0 1 3 3 4 3 3 3 3 1 2 3 3 3 5 3 3 3 2 1
0 1 3 3 4 4 4 3 3 1 3 3 3 4 3 4 3 3 3 1
1 2 3 3 1 4 4 4 3 1 1 3 3 3 3 3 3 3 1 0
1 3 3 1 1 1 1 1 3 3 3 1 1 1 1 1 1 1 0 0
1 1 3 1 1 3 3 1 1 1 3 3 3 3 3 3 3 1 1 0
0 1 3 3 1 1 3 5 1 1 1 1 2 3 1 3 2 3 1 1
0 1 1 3 5 1 1 1 1 0 0 1 1 5 1 1 1 3 5 1
0 0 1 1 1 1 0 0 0 0 0 0 1 1 1 0 1 1 1 1
</textarea><textarea id="pixelmap_104">
0 0 0 0 0 0 0 0 0 0 0 0 1 0 0 0 0 0 1 0 0
0 0 0 0 0 0 0 0 0 0 0 1 2 1 0 0 0 1 3 1 0
0 0 0 0 0 0 0 0 0 0 0 1 5 2 1 1 1 3 5 1 0
0 1 1 1 0 0 0 0 0 0 1 1 3 3 3 3 3 3 3 1 1
0 1 2 1 0 0 0 0 0 0 1 3 3 3 3 3 3 2 2 3 1
1 2 1 1 0 1 1 1 1 1 1 3 3 1 3 3 3 1 2 3 1
1 2 1 0 1 1 2 2 2 3 1 2 3 4 3 3 3 4 3 3 1
1 3 1 0 1 2 2 2 3 3 1 2 3 3 3 5 3 3 3 3 1
1 3 1 1 1 3 2 3 3 3 1 3 3 3 4 3 4 3 3 2 1
1 1 3 3 3 3 3 3 3 3 2 1 3 3 3 3 3 3 3 1 0
0 1 1 1 3 3 3 3 3 2 2 3 1 1 1 1 1 1 1 0 0
0 0 0 1 3 3 2 2 3 2 2 2 3 3 2 2 2 3 1 0 0
0 0 0 1 1 2 2 2 1 4 4 4 1 3 3 2 3 3 1 0 0
0 0 0 0 1 1 2 3 3 1 4 1 3 3 1 3 3 1 0 0 0
0 0 0 0 0 1 1 3 3 1 4 1 3 1 1 3 1 0 0 0 0
0 0 0 0 0 0 1 1 3 5 1 1 5 1 1 5 1 0 0 0 0
0 0 0 0 0 0 0 1 1 1 1 1 1 1 1 1 1 0 0 0 0
</textarea><textarea id="pixelmap_105">
0 0 0 0 0 0 0 0 0 0 1 0 0 0 0 0 1 0 0 0
0 0 0 0 0 0 0 0 0 1 2 1 0 0 0 1 3 1 0 0
0 0 0 0 0 0 0 0 0 1 5 2 1 1 1 3 5 1 0 0
0 0 0 0 1 1 1 1 1 1 3 3 3 3 3 3 3 1 1 0
0 1 1 1 1 3 3 1 1 3 3 3 3 3 3 2 2 3 1 0
0 1 2 2 2 3 3 3 1 3 3 1 3 3 3 1 2 3 1 0
1 1 2 2 3 3 3 3 1 2 3 4 3 3 3 4 3 3 1 0
1 3 3 3 3 3 3 3 1 2 3 3 3 5 3 3 3 3 1 0
1 3 3 3 3 1 2 3 1 3 3 3 4 3 4 3 3 2 1 1
1 3 3 1 1 2 2 3 3 1 3 3 3 3 3 3 3 1 1 1
1 1 3 3 1 3 4 4 1 1 1 1 1 1 1 1 1 2 2 1
0 1 1 3 3 1 1 1 1 2 1 3 3 5 1 5 2 2 1 1
0 0 1 1 3 3 2 2 2 2 1 1 1 1 1 1 1 1 1 0
0 0 0 1 1 1 1 1 1 1 1 0 0 0 0 0 0 0 0 0
</textarea><textarea id="pixelmap_106">
0 0 0 0 0 0 1 1 0 0 0 0 0 1 0 0 0
0 0 0 0 0 0 1 2 1 0 0 0 1 3 1 0 0
0 0 0 0 0 0 1 5 2 1 1 1 3 5 1 0 0
0 0 0 0 0 1 1 3 3 3 3 3 3 3 1 1 0
0 0 0 0 0 1 3 3 3 3 3 3 2 2 3 1 0
0 0 0 0 0 1 3 3 1 3 3 3 1 2 3 1 0
0 0 0 0 0 1 2 3 4 3 3 3 4 3 3 1 0
0 0 0 0 0 1 2 3 3 3 5 3 3 3 3 1 0
0 0 0 0 0 1 3 3 3 4 3 4 3 3 2 1 0
0 0 0 0 0 1 1 3 3 3 3 3 3 3 1 0 0
0 0 0 1 1 1 3 1 1 1 1 1 1 1 3 1 1
0 1 1 2 1 3 3 3 3 3 2 2 2 2 3 5 1
0 1 2 1 1 3 3 3 3 1 1 1 2 3 1 1 1
1 1 2 1 2 3 2 3 3 3 5 1 3 1 1 0 0
1 3 1 1 2 2 3 3 3 1 1 3 3 1 0 0 0
1 3 1 1 2 2 3 3 3 4 4 4 3 1 0 0 0
1 3 3 1 2 1 1 1 3 4 4 4 1 1 0 0 0
1 1 3 1 2 3 3 1 3 4 4 4 1 0 0 0 0
0 1 1 3 3 3 3 3 3 4 4 2 1 0 0 0 0
0 0 1 1 1 3 3 3 1 1 2 2 1 0 0 0 0
0 0 0 0 1 5 1 1 1 1 5 1 1 0 0 0 0
0 0 0 0 1 1 1 0 0 0 1 1 0 0 0 0 0
</textarea><textarea id="pixelmap_107">
0 0 0 0 1 1 1 1 1 1 0 0 0 0 0 0 0 0 0 0
0 0 1 1 1 2 2 2 2 1 0 0 0 0 0 0 0 0 0 0
0 0 1 3 3 2 1 1 2 1 0 0 0 0 0 0 0 0 0 0
0 0 1 3 1 1 0 0 1 1 0 0 0 0 0 0 0 0 0 0
0 1 1 3 1 0 0 0 0 0 0 0 0 0 0 0 0 0 0 0
0 1 3 3 1 0 0 0 0 0 0 0 0 0 0 0 0 0 0 0
0 1 1 1 1 1 1 0 0 0 1 1 0 0 0 0 1 1 0 0
1 1 3 2 2 2 1 1 0 0 1 2 1 0 0 0 1 3 1 0
1 3 3 3 2 2 2 1 1 1 2 5 2 1 1 1 3 5 3 1
1 3 3 3 2 2 2 2 1 1 3 3 3 3 3 3 3 3 3 1
1 3 3 3 3 2 2 3 3 1 3 3 3 3 3 3 2 2 3 1
1 1 2 3 3 3 3 3 3 1 3 3 1 3 3 3 1 2 3 1
0 1 2 2 3 3 3 3 3 1 2 3 4 3 3 3 4 3 3 1
0 1 2 2 4 3 3 3 3 1 2 3 3 3 5 3 3 3 3 1
0 1 2 3 4 4 4 3 3 1 3 3 3 4 3 4 3 3 2 1
1 2 2 3 1 4 4 4 3 1 1 3 3 3 3 3 3 3 1 0
1 3 3 1 1 1 1 1 3 3 3 1 1 1 1 1 1 1 0 0
1 1 3 1 1 3 3 1 1 1 3 3 3 2 2 2 2 1 1 0
0 1 3 3 1 1 3 5 1 1 1 1 3 3 1 2 3 3 1 1
0 1 1 3 5 1 1 1 1 0 0 1 1 5 1 1 1 3 5 1
0 0 1 1 1 1 0 0 0 0 0 0 1 1 1 0 1 1 1 1
</textarea><textarea id="pixelmap_108">
0 0 0 0 0 0 0 0 0 0 0 0 1 0 0 0 0 0 1 0 0
0 0 0 0 0 0 0 0 0 0 0 1 3 1 0 0 0 1 2 1 0
0 0 0 0 0 0 0 0 0 0 0 1 5 3 1 1 1 2 5 1 0
0 1 1 1 0 0 0 0 0 0 1 1 3 3 3 3 2 2 2 1 1
0 1 3 1 0 0 0 0 0 0 1 3 3 3 3 2 2 2 2 2 1
1 3 1 1 0 1 1 1 1 1 1 3 3 1 3 2 2 1 2 2 1
1 3 1 0 1 1 2 3 3 3 1 3 3 4 2 2 2 4 2 2 1
1 3 1 0 1 2 2 3 3 3 1 3 3 3 2 5 2 2 2 2 1
1 3 1 1 1 2 2 3 3 3 1 3 3 3 4 2 4 2 2 2 1
1 1 2 2 2 2 2 2 3 3 3 1 3 3 2 2 2 2 2 1 0
0 1 1 1 3 2 2 3 3 3 2 2 1 1 1 1 1 1 1 0 0
0 0 0 1 3 3 3 3 3 2 2 2 2 2 3 3 3 3 1 0 0
0 0 0 1 1 3 3 3 1 4 4 4 1 2 2 3 3 3 1 0 0
0 0 0 0 1 1 3 3 3 1 4 1 2 2 1 3 3 1 0 0 0
0 0 0 0 0 1 1 3 3 1 4 1 2 1 1 3 1 0 0 0 0
0 0 0 0 0 0 1 1 3 2 1 1 5 1 1 5 1 0 0 0 0
0 0 0 0 0 0 0 1 1 1 1 1 1 1 1 1 1 0 0 0 0
</textarea><textarea id="pixelmap_109">
0 0 0 0 0 0 0 0 0 0 1 0 0 0 0 0 1 0 0 0
0 0 0 0 0 0 0 0 0 1 3 1 0 0 0 1 2 1 0 0
0 0 0 0 0 0 0 0 0 1 5 3 1 1 1 2 5 1 0 0
0 0 0 0 1 1 1 1 1 1 3 3 3 3 2 2 2 1 1 0
0 1 1 1 1 3 3 1 1 3 3 3 3 2 2 2 2 2 1 0
0 1 3 3 3 3 3 3 1 3 3 1 3 2 2 1 2 2 1 0
1 1 2 2 3 3 3 3 1 3 3 4 2 2 2 4 2 2 1 0
1 2 2 2 3 3 3 3 1 3 3 3 2 5 2 2 2 2 1 0
1 2 2 2 2 1 3 3 1 3 3 3 4 2 4 2 2 2 1 1
1 2 2 1 1 3 3 3 3 1 3 3 2 2 2 2 2 1 1 1
1 1 2 2 1 3 4 4 1 1 1 1 1 1 1 1 1 3 3 1
0 1 1 2 3 1 1 1 1 3 1 2 2 2 1 5 3 3 1 1
0 0 1 1 3 3 3 3 3 3 1 1 1 1 1 1 1 1 1 0
0 0 0 1 1 1 1 1 1 1 1 0 0 0 0 0 0 0 0 0
</textarea><textarea id="pixelmap_110">
0 0 0 0 0 0 1 1 0 0 0 0 0 1 0 0 0
0 0 0 0 0 0 1 3 1 0 0 0 1 2 1 0 0
0 0 0 0 0 0 1 5 3 1 1 1 2 5 1 0 0
0 0 0 0 0 1 1 3 3 3 3 2 2 2 1 1 0
0 0 0 0 0 1 3 3 3 3 2 2 2 2 2 1 0
0 0 0 0 0 1 3 3 1 3 2 2 1 2 2 1 0
0 0 0 0 0 1 3 3 4 2 2 2 4 2 2 1 0
0 0 0 0 0 1 3 3 3 2 5 2 2 2 2 1 0
0 0 0 0 0 1 3 3 3 4 2 4 2 2 2 1 0
0 0 0 0 0 1 1 3 3 2 2 2 2 2 1 0 0
0 0 0 1 1 1 3 1 1 1 1 1 1 1 3 1 1
0 1 1 3 1 3 3 3 3 3 3 3 3 3 3 5 1
0 1 3 1 1 3 3 3 2 1 1 1 3 3 1 1 1
1 1 3 1 3 3 3 2 2 2 5 1 3 1 1 0 0
1 3 1 1 3 3 3 2 2 1 1 3 3 1 0 0 0
1 3 1 1 3 3 3 3 3 4 4 4 3 1 0 0 0
1 2 2 1 2 1 1 1 3 4 4 4 1 1 0 0 0
1 1 2 1 2 2 3 1 3 4 4 4 1 0 0 0 0
0 1 1 2 2 2 3 3 3 4 4 2 1 0 0 0 0
0 0 1 1 1 2 3 3 1 1 2 2 1 0 0 0 0
0 0 0 0 1 2 1 1 1 1 5 1 1 0 0 0 0
0 0 0 0 1 1 1 0 0 0 1 1 0 0 0 0 0
</textarea><textarea id="pixelmap_111">
0 0 0 0 1 1 1 1 1 1 0 0 0 0 0 0 0 0 0 0
0 0 1 1 1 3 3 3 3 1 0 0 0 0 0 0 0 0 0 0
0 0 1 3 3 3 1 1 3 1 0 0 0 0 0 0 0 0 0 0
0 0 1 2 1 1 0 0 1 1 0 0 0 0 0 0 0 0 0 0
0 1 1 2 1 0 0 0 0 0 0 0 0 0 0 0 0 0 0 0
0 1 2 2 1 0 0 0 0 0 0 0 0 0 0 0 0 0 0 0
0 1 1 1 1 1 1 0 0 0 1 1 0 0 0 0 1 1 0 0
1 1 2 2 2 2 1 1 0 0 1 3 1 0 0 0 1 2 1 0
1 3 2 2 2 3 3 1 1 1 3 5 3 1 1 1 2 5 2 1
1 3 3 3 3 3 3 3 1 1 3 3 3 3 3 2 2 2 2 1
1 3 3 3 3 3 3 3 3 1 3 3 3 3 2 2 2 2 2 1
1 1 3 3 3 3 3 3 3 1 3 3 1 3 2 2 1 2 2 1
0 1 3 3 3 3 3 3 3 1 3 3 4 2 2 2 4 2 2 1
0 1 3 3 4 3 2 2 2 1 3 3 3 2 5 2 2 2 2 1
0 1 3 3 4 4 4 2 2 1 3 3 3 4 2 4 2 2 2 1
1 3 3 3 1 4 4 4 2 1 1 3 3 2 2 2 2 2 1 0
1 3 2 1 1 1 1 1 2 2 2 1 1 1 1 1 1 1 0 0
1 1 2 1 1 3 3 1 1 1 2 2 2 2 3 3 3 1 1 0
0 1 2 2 1 1 3 5 1 1 1 1 2 2 1 3 3 3 1 1
0 1 1 2 2 1 1 1 1 0 0 1 1 5 1 1 1 3 5 1
0 0 1 1 1 1 0 0 0 0 0 0 1 1 1 0 1 1 1 1
</textarea><textarea id="pixelmap_112">
0 0 0 0 0 0 0 0 0 0 0 0 1 0 0 0 0 0 1 0 0
0 0 0 0 0 0 0 0 0 0 0 1 3 1 0 0 0 1 3 1 0
0 0 0 0 0 0 0 0 0 0 0 1 5 3 1 1 1 3 5 1 0
0 1 1 1 0 0 0 0 0 0 1 1 3 3 3 3 3 3 3 1 1
0 1 3 1 0 0 0 0 0 0 1 3 3 3 3 3 3 3 3 3 1
1 3 1 1 0 1 1 1 1 1 1 3 3 1 3 3 3 1 3 3 1
1 3 1 0 1 1 3 3 3 3 1 3 3 3 3 3 3 3 3 3 1
1 3 1 0 1 3 3 3 3 3 1 3 4 4 3 5 3 4 4 3 1
1 3 1 1 1 3 3 3 3 3 1 3 3 3 3 3 3 3 3 3 1
1 1 3 3 3 3 3 3 3 3 3 1 3 3 3 3 3 3 3 1 0
0 1 1 1 3 3 3 3 3 3 3 3 1 1 1 1 1 1 1 0 0
0 0 0 1 3 3 3 3 3 3 3 3 3 3 3 3 3 3 1 0 0
0 0 0 1 1 3 3 3 1 4 4 4 1 3 3 3 3 3 1 0 0
0 0 0 0 1 1 3 3 3 1 4 1 3 3 1 3 3 1 0 0 0
0 0 0 0 0 1 1 3 3 1 4 1 3 1 1 3 1 0 0 0 0
0 0 0 0 0 0 1 1 3 5 1 1 5 1 1 5 1 0 0 0 0
0 0 0 0 0 0 0 1 1 1 1 1 1 1 1 1 1 0 0 0 0
</textarea><textarea id="pixelmap_113">
0 0 0 0 0 0 0 0 0 0 1 0 0 0 0 0 1 0 0 0
0 0 0 0 0 0 0 0 0 1 3 1 0 0 0 1 3 1 0 0
0 0 0 0 0 0 0 0 0 1 5 3 1 1 1 3 5 1 0 0
0 0 0 0 1 1 1 1 1 1 3 3 3 3 3 3 3 1 1 0
0 1 1 1 1 3 3 1 1 3 3 3 3 3 3 3 3 3 1 0
0 1 3 3 3 3 3 3 1 3 3 1 3 3 3 1 3 3 1 0
1 1 3 3 3 3 3 3 1 3 3 3 3 3 3 3 3 3 1 0
1 3 3 3 3 3 3 3 1 3 4 4 3 5 3 4 4 3 1 0
1 3 3 3 3 1 3 3 1 3 3 3 3 3 3 3 3 3 1 1
1 3 3 1 1 3 3 3 3 1 3 3 3 3 3 3 3 1 1 1
1 1 3 3 1 3 4 4 1 1 1 1 1 1 1 1 1 3 3 1
0 1 1 3 3 1 1 1 1 3 1 3 3 5 1 5 3 3 1 1
0 0 1 1 3 3 3 3 3 3 1 1 1 1 1 1 1 1 1 0
0 0 0 1 1 1 1 1 1 1 1 0 0 0 0 0 0 0 0 0
</textarea><textarea id="pixelmap_114">
0 0 0 0 0 0 1 1 0 0 0 0 0 1 0 0 0
0 0 0 0 0 0 1 3 1 0 0 0 1 3 1 0 0
0 0 0 0 0 0 1 5 3 1 1 1 3 5 1 0 0
0 0 0 0 0 1 1 3 3 3 3 3 3 3 1 1 0
0 0 0 0 0 1 3 3 3 3 3 3 3 3 3 1 0
0 0 0 0 0 1 3 3 1 3 3 3 1 3 3 1 0
0 0 0 0 0 1 3 3 3 3 3 3 3 3 3 1 0
0 0 0 0 0 1 3 4 4 3 5 3 4 4 3 1 0
0 0 0 0 0 1 3 3 3 3 3 3 3 3 3 1 0
0 0 0 0 0 1 1 3 3 3 3 3 3 3 1 0 0
0 0 0 1 1 1 3 1 1 1 1 1 1 1 3 1 1
0 1 1 3 1 3 3 3 3 3 3 3 3 3 3 5 1
0 1 3 1 1 3 3 3 3 1 1 1 3 3 1 1 1
1 1 3 1 3 3 3 3 3 3 5 1 3 1 1 0 0
1 3 1 1 3 3 3 3 3 1 1 3 3 1 0 0 0
1 3 1 1 3 3 3 3 3 4 4 4 3 1 0 0 0
1 3 3 1 3 1 1 1 3 4 4 4 1 1 0 0 0
1 1 3 1 3 3 3 1 3 4 4 4 1 0 0 0 0
0 1 1 3 3 3 3 3 3 4 4 3 1 0 0 0 0
0 0 1 1 1 3 3 3 1 1 3 3 1 0 0 0 0
0 0 0 0 1 5 1 1 1 1 5 1 1 0 0 0 0
0 0 0 0 1 1 1 0 0 0 1 1 0 0 0 0 0
</textarea><textarea id="pixelmap_115">
0 0 0 0 1 1 1 1 1 1 0 0 0 0 0 0 0 0 0 0
0 0 1 1 1 3 3 3 3 1 0 0 0 0 0 0 0 0 0 0
0 0 1 3 3 3 1 1 3 1 0 0 0 0 0 0 0 0 0 0
0 0 1 3 1 1 0 0 1 1 0 0 0 0 0 0 0 0 0 0
0 1 1 3 1 0 0 0 0 0 0 0 0 0 0 0 0 0 0 0
0 1 3 3 1 0 0 0 0 0 0 0 0 0 0 0 0 0 0 0
0 1 1 1 1 1 1 0 0 0 1 1 0 0 0 0 1 1 0 0
1 1 3 3 3 3 1 1 0 0 1 3 1 0 0 0 1 3 1 0
1 3 3 3 3 3 3 1 1 1 3 5 3 1 1 1 3 5 3 1
1 3 3 3 3 3 3 3 1 1 3 3 3 3 3 3 3 3 3 1
1 3 3 3 3 3 3 3 3 1 3 3 3 3 3 3 3 3 3 1
1 1 3 3 3 3 3 3 3 1 3 3 1 3 3 3 1 3 3 1
0 1 3 3 3 3 3 3 3 1 3 3 3 3 3 3 3 3 3 1
0 1 3 3 4 3 3 3 3 1 3 4 4 3 5 3 4 4 3 1
0 1 3 3 4 4 4 3 3 1 3 3 3 3 3 3 3 3 3 1
1 3 3 3 1 4 4 4 3 1 1 3 3 3 3 3 3 3 1 0
1 3 3 1 1 1 1 1 3 3 3 1 1 1 1 1 1 1 0 0
1 1 3 1 1 3 3 1 1 1 3 3 3 3 3 3 3 1 1 0
0 1 3 3 1 1 3 5 1 1 1 1 3 3 1 3 3 3 1 1
0 1 1 3 5 1 1 1 1 0 0 1 1 5 1 1 1 3 5 1
0 0 1 1 1 1 0 0 0 0 0 0 1 1 1 0 1 1 1 1
</textarea><textarea id="pixelmap_116">
0 0 0 0 0 0 0 0 0 0 0 0 1 0 0 0 0 0 1 0 0
0 0 0 0 0 0 0 0 0 0 0 1 3 1 0 0 0 1 3 1 0
0 0 0 0 0 0 0 0 0 0 0 1 5 3 1 1 1 3 5 1 0
0 1 1 1 0 0 0 0 0 0 1 1 3 3 2 3 2 3 3 1 1
0 1 3 1 0 0 0 0 0 0 1 3 3 3 3 3 3 3 3 3 1
1 3 1 1 0 1 1 1 1 1 1 2 3 1 3 3 3 1 3 2 1
1 2 1 0 1 1 3 2 3 3 1 3 3 3 3 3 3 3 3 3 1
1 3 1 0 1 2 3 3 2 3 1 2 4 4 3 5 3 4 4 2 1
1 2 1 1 1 3 2 3 3 3 1 3 3 3 3 3 3 3 3 3 1
1 1 3 2 3 3 3 3 3 3 3 1 3 3 3 3 3 3 3 1 0
0 1 1 1 2 3 3 3 3 3 3 3 1 1 1 1 1 1 1 0 0
0 0 0 1 3 3 3 3 3 3 3 3 3 3 3 3 3 3 1 0 0
0 0 0 1 1 3 3 3 1 4 4 4 1 3 3 3 3 2 1 0 0
0 0 0 0 1 1 3 3 3 1 4 1 2 3 1 3 3 1 0 0 0
0 0 0 0 0 1 1 3 3 1 4 1 3 1 1 3 1 0 0 0 0
0 0 0 0 0 0 1 1 3 5 1 1 5 1 1 5 1 0 0 0 0
0 0 0 0 0 0 0 1 1 1 1 1 1 1 1 1 1 0 0 0 0
</textarea><textarea id="pixelmap_117">
0 0 0 0 0 0 0 0 0 0 1 0 0 0 0 0 1 0 0 0
0 0 0 0 0 0 0 0 0 1 3 1 0 0 0 1 3 1 0 0
0 0 0 0 0 0 0 0 0 1 5 3 1 1 1 3 5 1 0 0
0 0 0 0 1 1 1 1 1 1 3 3 2 3 2 3 3 1 1 0
0 1 1 1 1 3 3 1 1 3 3 3 3 3 3 3 3 3 1 0
0 1 2 3 3 2 3 3 1 2 3 1 3 3 3 1 3 2 1 0
1 1 3 2 3 3 2 3 1 3 3 3 3 3 3 3 3 3 1 0
1 3 3 3 3 3 3 3 1 2 4 4 3 5 3 4 4 2 1 0
1 2 3 3 3 1 3 3 1 3 3 3 3 3 3 3 3 3 1 1
1 3 3 1 1 3 3 3 3 1 3 3 3 3 3 3 3 1 1 1
1 1 3 3 1 3 4 4 1 1 1 1 1 1 1 1 1 2 3 1
0 1 1 2 3 1 1 1 1 3 1 2 3 5 1 5 3 3 1 1
0 0 1 1 2 3 2 3 2 3 1 1 1 1 1 1 1 1 1 0
0 0 0 1 1 1 1 1 1 1 1 0 0 0 0 0 0 0 0 0
</textarea><textarea id="pixelmap_118">
0 0 0 0 0 0 1 1 0 0 0 0 0 1 0 0 0
0 0 0 0 0 0 1 3 1 0 0 0 1 3 1 0 0
0 0 0 0 0 0 1 5 3 1 1 1 3 5 1 0 0
0 0 0 0 0 1 1 3 3 2 3 2 3 3 1 1 0
0 0 0 0 0 1 3 3 3 3 3 3 3 3 3 1 0
0 0 0 0 0 1 2 3 1 3 3 3 1 3 2 1 0
0 0 0 0 0 1 3 3 3 3 3 3 3 3 3 1 0
0 0 0 0 0 1 2 4 4 3 5 3 4 4 2 1 0
0 0 0 0 0 1 3 3 3 3 3 3 3 3 3 1 0
0 0 0 0 0 1 1 3 3 3 3 3 3 3 1 0 0
0 0 0 1 1 1 3 1 1 1 1 1 1 1 3 1 1
0 1 1 3 1 2 3 3 3 3 3 3 3 2 3 5 1
0 1 2 1 1 3 2 3 3 1 1 1 2 3 1 1 1
1 1 3 1 2 3 3 3 3 3 5 1 3 1 1 0 0
1 2 1 1 3 2 3 3 3 1 1 3 3 1 0 0 0
1 3 1 1 3 3 3 3 3 4 4 4 3 1 0 0 0
1 2 3 1 3 1 1 1 3 4 4 4 1 1 0 0 0
1 1 2 1 3 3 3 1 3 4 4 4 1 0 0 0 0
0 1 1 3 3 3 3 3 3 4 4 2 1 0 0 0 0
0 0 1 1 1 3 3 3 1 1 3 3 1 0 0 0 0
0 0 0 0 1 5 1 1 1 1 5 1 1 0 0 0 0
0 0 0 0 1 1 1 0 0 0 1 1 0 0 0 0 0
</textarea><textarea id="pixelmap_119">
0 0 0 0 1 1 1 1 1 1 0 0 0 0 0 0 0 0 0 0
0 0 1 1 1 2 3 2 3 1 0 0 0 0 0 0 0 0 0 0
0 0 1 2 3 2 1 1 3 1 0 0 0 0 0 0 0 0 0 0
0 0 1 3 1 1 0 0 1 1 0 0 0 0 0 0 0 0 0 0
0 1 1 2 1 0 0 0 0 0 0 0 0 0 0 0 0 0 0 0
0 1 3 3 1 0 0 0 0 0 0 0 0 0 0 0 0 0 0 0
0 1 1 1 1 1 1 0 0 0 1 1 0 0 0 0 1 1 0 0
1 1 3 3 3 3 1 1 0 0 1 3 1 0 0 0 1 3 1 0
1 3 3 3 3 2 3 1 1 1 3 5 3 1 1 1 3 5 3 1
1 3 3 3 2 3 3 2 1 1 3 3 3 2 3 2 3 3 3 1
1 3 3 3 3 3 2 3 3 1 3 3 3 3 3 3 3 3 3 1
1 1 3 3 3 3 3 3 3 1 2 3 1 3 3 3 1 3 2 1
0 1 3 3 3 3 3 3 3 1 3 3 3 3 3 3 3 3 3 1
0 1 3 3 4 3 3 3 3 1 2 4 4 3 5 3 4 4 2 1
0 1 3 3 4 4 4 3 3 1 3 3 3 3 3 3 3 3 3 1
1 2 3 3 1 4 4 4 3 1 1 3 3 3 3 3 3 3 1 0
1 3 3 1 1 1 1 1 3 3 3 1 1 1 1 1 1 1 0 0
1 1 3 1 1 3 3 1 1 1 3 3 3 3 3 3 3 1 1 0
0 1 3 3 1 1 3 5 1 1 1 1 2 3 1 3 2 3 1 1
0 1 1 3 5 1 1 1 1 0 0 1 1 5 1 1 1 3 5 1
0 0 1 1 1 1 0 0 0 0 0 0 1 1 1 0 1 1 1 1
</textarea><textarea id="pixelmap_120">
0 0 0 0 0 0 0 0 0 0 0 0 1 0 0 0 0 0 1 0 0
0 0 0 0 0 0 0 0 0 0 0 1 2 1 0 0 0 1 3 1 0
0 0 0 0 0 0 0 0 0 0 0 1 5 2 1 1 1 3 5 1 0
0 1 1 1 0 0 0 0 0 0 1 1 3 3 3 3 3 3 3 1 1
0 1 2 1 0 0 0 0 0 0 1 3 3 3 3 3 3 2 2 3 1
1 2 1 1 0 1 1 1 1 1 1 3 3 1 3 3 3 1 2 3 1
1 2 1 0 1 1 2 2 2 3 1 2 3 3 3 3 3 3 3 3 1
1 3 1 0 1 2 2 2 3 3 1 2 4 4 3 5 3 4 4 3 1
1 3 1 1 1 3 2 3 3 3 1 3 3 3 3 3 3 3 3 2 1
1 1 3 3 3 3 3 3 3 3 2 1 3 3 3 3 3 3 3 1 0
0 1 1 1 3 3 3 3 3 2 2 3 1 1 1 1 1 1 1 0 0
0 0 0 1 3 3 2 2 3 2 2 2 3 3 2 2 2 3 1 0 0
0 0 0 1 1 2 2 2 1 4 4 4 1 3 3 2 3 3 1 0 0
0 0 0 0 1 1 2 3 3 1 4 1 3 3 1 3 3 1 0 0 0
0 0 0 0 0 1 1 3 3 1 4 1 3 1 1 3 1 0 0 0 0
0 0 0 0 0 0 1 1 3 5 1 1 5 1 1 5 1 0 0 0 0
0 0 0 0 0 0 0 1 1 1 1 1 1 1 1 1 1 0 0 0 0
</textarea><textarea id="pixelmap_121">
0 0 0 0 0 0 0 0 0 0 1 0 0 0 0 0 1 0 0 0
0 0 0 0 0 0 0 0 0 1 2 1 0 0 0 1 3 1 0 0
0 0 0 0 0 0 0 0 0 1 5 2 1 1 1 3 5 1 0 0
0 0 0 0 1 1 1 1 1 1 3 3 3 3 3 3 3 1 1 0
0 1 1 1 1 3 3 1 1 3 3 3 3 3 3 2 2 3 1 0
0 1 2 2 2 3 3 3 1 3 3 1 3 3 3 1 2 3 1 0
1 1 2 2 3 3 3 3 1 2 3 3 3 3 3 3 3 3 1 0
1 3 3 3 3 3 3 3 1 2 4 4 3 5 3 4 4 3 1 0
1 3 3 3 3 1 2 3 1 3 3 3 3 3 3 3 3 2 1 1
1 3 3 1 1 2 2 3 3 1 3 3 3 3 3 3 3 1 1 1
1 1 3 3 1 3 4 4 1 1 1 1 1 1 1 1 1 2 2 1
0 1 1 3 3 1 1 1 1 2 1 3 3 5 1 5 2 2 1 1
0 0 1 1 3 3 2 2 2 2 1 1 1 1 1 1 1 1 1 0
0 0 0 1 1 1 1 1 1 1 1 0 0 0 0 0 0 0 0 0
</textarea><textarea id="pixelmap_122">
0 0 0 0 0 0 1 1 0 0 0 0 0 1 0 0 0
0 0 0 0 0 0 1 2 1 0 0 0 1 3 1 0 0
0 0 0 0 0 0 1 5 2 1 1 1 3 5 1 0 0
0 0 0 0 0 1 1 3 3 3 3 3 3 3 1 1 0
0 0 0 0 0 1 3 3 3 3 3 3 2 2 3 1 0
0 0 0 0 0 1 3 3 1 3 3 3 1 2 3 1 0
0 0 0 0 0 1 2 3 3 3 3 3 3 3 3 1 0
0 0 0 0 0 1 2 4 4 3 5 3 4 4 3 1 0
0 0 0 0 0 1 3 3 3 3 3 3 3 3 2 1 0
0 0 0 0 0 1 1 3 3 3 3 3 3 3 1 0 0
0 0 0 1 1 1 3 1 1 1 1 1 1 1 3 1 1
0 1 1 2 1 3 3 3 3 3 2 2 2 2 3 5 1
0 1 2 1 1 3 3 3 3 1 1 1 2 3 1 1 1
1 1 2 1 2 3 2 3 3 3 5 1 3 1 1 0 0
1 3 1 1 2 2 3 3 3 1 1 3 3 1 0 0 0
1 3 1 1 2 2 3 3 3 4 4 4 3 1 0 0 0
1 3 3 1 2 1 1 1 3 4 4 4 1 1 0 0 0
1 1 3 1 2 3 3 1 3 4 4 4 1 0 0 0 0
0 1 1 3 3 3 3 3 3 4 4 2 1 0 0 0 0
0 0 1 1 1 3 3 3 1 1 2 2 1 0 0 0 0
0 0 0 0 1 5 1 1 1 1 5 1 1 0 0 0 0
0 0 0 0 1 1 1 0 0 0 1 1 0 0 0 0 0
</textarea><textarea id="pixelmap_123">
0 0 0 0 1 1 1 1 1 1 0 0 0 0 0 0 0 0 0 0
0 0 1 1 1 2 2 2 2 1 0 0 0 0 0 0 0 0 0 0
0 0 1 3 3 2 1 1 2 1 0 0 0 0 0 0 0 0 0 0
0 0 1 3 1 1 0 0 1 1 0 0 0 0 0 0 0 0 0 0
0 1 1 3 1 0 0 0 0 0 0 0 0 0 0 0 0 0 0 0
0 1 3 3 1 0 0 0 0 0 0 0 0 0 0 0 0 0 0 0
0 1 1 1 1 1 1 0 0 0 1 1 0 0 0 0 1 1 0 0
1 1 3 2 2 2 1 1 0 0 1 2 1 0 0 0 1 3 1 0
1 3 3 3 2 2 2 1 1 1 2 5 2 1 1 1 3 5 3 1
1 3 3 3 2 2 2 2 1 1 3 3 3 3 3 3 3 3 3 1
1 3 3 3 3 2 2 3 3 1 3 3 3 3 3 3 2 2 3 1
1 1 2 3 3 3 3 3 3 1 3 3 1 3 3 3 1 2 3 1
0 1 2 2 3 3 3 3 3 1 2 3 3 3 3 3 3 3 3 1
0 1 2 2 4 3 3 3 3 1 2 4 4 3 5 3 4 4 3 1
0 1 2 3 4 4 4 3 3 1 3 3 3 3 3 3 3 3 2 1
1 2 2 3 1 4 4 4 3 1 1 3 3 3 3 3 3 3 1 0
1 3 3 1 1 1 1 1 3 3 3 1 1 1 1 1 1 1 0 0
1 1 3 1 1 3 3 1 1 1 3 3 3 2 2 2 2 1 1 0
0 1 3 3 1 1 3 5 1 1 1 1 3 3 1 2 3 3 1 1
0 1 1 3 5 1 1 1 1 0 0 1 1 5 1 1 1 3 5 1
0 0 1 1 1 1 0 0 0 0 0 0 1 1 1 0 1 1 1 1
</textarea><textarea id="pixelmap_124">
0 0 0 0 0 0 0 0 0 0 0 0 1 0 0 0 0 0 1 0 0
0 0 0 0 0 0 0 0 0 0 0 1 3 1 0 0 0 1 2 1 0
0 0 0 0 0 0 0 0 0 0 0 1 5 3 1 1 1 2 5 1 0
0 1 1 1 0 0 0 0 0 0 1 1 3 3 3 3 2 2 2 1 1
0 1 3 1 0 0 0 0 0 0 1 3 3 3 3 2 2 2 2 2 1
1 3 1 1 0 1 1 1 1 1 1 3 3 1 3 2 2 1 2 2 1
1 3 1 0 1 1 2 3 3 3 1 3 3 3 2 2 2 2 2 2 1
1 3 1 0 1 2 2 3 3 3 1 3 4 4 2 5 2 4 4 2 1
1 3 1 1 1 2 2 3 3 3 1 3 3 3 2 2 2 2 2 2 1
1 1 2 2 2 2 2 2 3 3 3 1 3 3 2 2 2 2 2 1 0
0 1 1 1 3 2 2 3 3 3 2 2 1 1 1 1 1 1 1 0 0
0 0 0 1 3 3 3 3 3 2 2 2 2 2 3 3 3 3 1 0 0
0 0 0 1 1 3 3 3 1 4 4 4 1 2 2 3 3 3 1 0 0
0 0 0 0 1 1 3 3 3 1 4 1 2 2 1 3 3 1 0 0 0
0 0 0 0 0 1 1 3 3 1 4 1 2 1 1 3 1 0 0 0 0
0 0 0 0 0 0 1 1 3 2 1 1 5 1 1 5 1 0 0 0 0
0 0 0 0 0 0 0 1 1 1 1 1 1 1 1 1 1 0 0 0 0
</textarea><textarea id="pixelmap_125">
0 0 0 0 0 0 0 0 0 0 1 0 0 0 0 0 1 0 0 0
0 0 0 0 0 0 0 0 0 1 3 1 0 0 0 1 2 1 0 0
0 0 0 0 0 0 0 0 0 1 5 3 1 1 1 2 5 1 0 0
0 0 0 0 1 1 1 1 1 1 3 3 3 3 2 2 2 1 1 0
0 1 1 1 1 3 3 1 1 3 3 3 3 2 2 2 2 2 1 0
0 1 3 3 3 3 3 3 1 3 3 1 3 2 2 1 2 2 1 0
1 1 2 2 3 3 3 3 1 3 3 3 2 2 2 2 2 2 1 0
1 2 2 2 3 3 3 3 1 3 4 4 2 5 2 4 4 2 1 0
1 2 2 2 2 1 3 3 1 3 3 3 2 2 2 2 2 2 1 1
1 2 2 1 1 3 3 3 3 1 3 3 2 2 2 2 2 1 1 1
1 1 2 2 1 3 4 4 1 1 1 1 1 1 1 1 1 3 3 1
0 1 1 2 3 1 1 1 1 3 1 2 2 2 1 5 3 3 1 1
0 0 1 1 3 3 3 3 3 3 1 1 1 1 1 1 1 1 1 0
0 0 0 1 1 1 1 1 1 1 1 0 0 0 0 0 0 0 0 0
</textarea><textarea id="pixelmap_126">
0 0 0 0 0 0 1 1 0 0 0 0 0 1 0 0 0
0 0 0 0 0 0 1 3 1 0 0 0 1 2 1 0 0
0 0 0 0 0 0 1 5 3 1 1 1 2 5 1 0 0
0 0 0 0 0 1 1 3 3 3 3 2 2 2 1 1 0
0 0 0 0 0 1 3 3 3 3 2 2 2 2 2 1 0
0 0 0 0 0 1 3 3 1 3 2 2 1 2 2 1 0
0 0 0 0 0 1 3 3 3 2 2 2 2 2 2 1 0
0 0 0 0 0 1 3 4 4 2 5 2 4 4 2 1 0
0 0 0 0 0 1 3 3 3 2 2 2 2 2 2 1 0
0 0 0 0 0 1 1 3 3 2 2 2 2 2 1 0 0
0 0 0 1 1 1 3 1 1 1 1 1 1 1 3 1 1
0 1 1 3 1 3 3 3 3 3 3 3 3 3 3 5 1
0 1 3 1 1 3 3 3 2 1 1 1 3 3 1 1 1
1 1 3 1 3 3 3 2 2 2 5 1 3 1 1 0 0
1 3 1 1 3 3 3 2 2 1 1 3 3 1 0 0 0
1 3 1 1 3 3 3 3 3 4 4 4 3 1 0 0 0
1 2 2 1 2 1 1 1 3 4 4 4 1 1 0 0 0
1 1 2 1 2 2 3 1 3 4 4 4 1 0 0 0 0
0 1 1 2 2 2 3 3 3 4 4 2 1 0 0 0 0
0 0 1 1 1 2 3 3 1 1 2 2 1 0 0 0 0
0 0 0 0 1 2 1 1 1 1 5 1 1 0 0 0 0
0 0 0 0 1 1 1 0 0 0 1 1 0 0 0 0 0
</textarea><textarea id="pixelmap_127">
0 0 0 0 1 1 1 1 1 1 0 0 0 0 0 0 0 0 0 0
0 0 1 1 1 3 3 3 3 1 0 0 0 0 0 0 0 0 0 0
0 0 1 3 3 3 1 1 3 1 0 0 0 0 0 0 0 0 0 0
0 0 1 2 1 1 0 0 1 1 0 0 0 0 0 0 0 0 0 0
0 1 1 2 1 0 0 0 0 0 0 0 0 0 0 0 0 0 0 0
0 1 2 2 1 0 0 0 0 0 0 0 0 0 0 0 0 0 0 0
0 1 1 1 1 1 1 0 0 0 1 1 0 0 0 0 1 1 0 0
1 1 2 2 2 2 1 1 0 0 1 3 1 0 0 0 1 2 1 0
1 3 2 2 2 3 3 1 1 1 3 5 3 1 1 1 2 5 2 1
1 3 3 3 3 3 3 3 1 1 3 3 3 3 3 2 2 2 2 1
1 3 3 3 3 3 3 3 3 1 3 3 3 3 2 2 2 2 2 1
1 1 3 3 3 3 3 3 3 1 3 3 1 3 2 2 1 2 2 1
0 1 3 3 3 3 3 3 3 1 3 3 3 2 2 2 2 2 2 1
0 1 3 3 4 3 2 2 2 1 3 4 4 2 5 2 4 4 2 1
0 1 3 3 4 4 4 2 2 1 3 3 3 2 2 2 2 2 2 1
1 3 3 3 1 4 4 4 2 1 1 3 3 2 2 2 2 2 1 0
1 3 2 1 1 1 1 1 2 2 2 1 1 1 1 1 1 1 0 0
1 1 2 1 1 3 3 1 1 1 2 2 2 2 3 3 3 1 1 0
0 1 2 2 1 1 3 5 1 1 1 1 2 2 1 3 3 3 1 1
0 1 1 2 2 1 1 1 1 0 0 1 1 5 1 1 1 3 5 1
0 0 1 1 1 1 0 0 0 0 0 0 1 1 1 0 1 1 1 1
</textarea>